a,id,CountyName,State,rate
1,01001,Autauga County,AL,0.012242925414809643
2,01003,Baldwin County,AL,0.005483035738283595
3,01005,Barbour County,AL,0.016122498582192335
4,01007,Bibb County,AL,0.010002679289095293
5,01009,Blount County,AL,0.005309030539895549
6,01011,Bullock County,AL,0.03781803781803782
7,01013,Butler County,AL,0.03362813656931304
8,01015,Calhoun County,AL,0.004401214735266934
9,01017,Chambers County,AL,0.020749383532808082
10,01019,Cherokee County,AL,0.004886242174377767
11,01021,Chilton County,AL,0.007450256594940128
12,01023,Choctaw County,AL,0.01691953292556994
13,01025,Clarke County,AL,0.013250359834053002
14,01027,Clay County,AL,0.006422364941443143
15,01029,Cleburne County,AL,0.0028169014084507044
16,01031,Coffee County,AL,0.008196094914218027
17,01033,Colbert County,AL,0.009141760648793469
18,01035,Conecuh County,AL,0.019225988232369273
19,01037,Coosa County,AL,0.006095845446872363
20,01039,Covington County,AL,0.011795190153580394
21,01041,Crenshaw County,AL,0.009512053441765901
22,01043,Cullman County,AL,0.006935822748543596
23,01045,Dale County,AL,0.008012690148865208
24,01047,Dallas County,AL,0.02712657274975804
25,01049,DeKalb County,AL,0.013298281431348147
26,01051,Elmore County,AL,0.012892659680577276
27,01053,Escambia County,AL,0.013102939972156252
28,01055,Etowah County,AL,0.009426213478311886
29,01057,Fayette County,AL,0.005214084161452582
30,01059,Franklin County,AL,0.029876921114724828
31,01061,Geneva County,AL,0.003654219481557611
32,01063,Greene County,AL,0.024041425225003084
33,01065,Hale County,AL,0.024093918503856393
34,01067,Henry County,AL,0.008950886370241209
35,01069,Houston County,AL,0.0056666855556185185
36,01071,Jackson County,AL,0.008174175802890017
37,01073,Jefferson County,AL,0.00987589834384343
38,01075,Lamar County,AL,0.006374501992031873
39,01077,Lauderdale County,AL,0.0061577284344703385
40,01079,Lawrence County,AL,0.0038877414651925647
41,01081,Lee County,AL,0.009790813287792782
42,01083,Limestone County,AL,0.006348885406662286
43,01085,Lowndes County,AL,0.04986633765165536
44,01087,Macon County,AL,0.01223156962585787
45,01089,Madison County,AL,0.005765481659064276
46,01091,Marengo County,AL,0.01876689816041987
47,01093,Marion County,AL,0.009391093607997577
48,01095,Marshall County,AL,0.02006737346808027
49,01097,Mobile County,AL,0.011563127707461098
50,01099,Monroe County,AL,0.012443929966719723
51,01101,Montgomery County,AL,0.019771641514265782
52,01103,Morgan County,AL,0.01072034358575857
53,01105,Perry County,AL,0.02644850386641264
54,01107,Pickens County,AL,0.013647767185148018
55,01109,Pike County,AL,0.014434982182762578
56,01111,Randolph County,AL,0.011442654695889447
57,01113,Russell County,AL,0.01178378564897086
58,01115,St. Clair County,AL,0.005898650460273483
59,01117,Shelby County,AL,0.007689410294806662
60,01119,Sumter County,AL,0.023497223786915586
61,01121,Talladega County,AL,0.005076396008902449
62,01123,Tallapoosa County,AL,0.01578021651348874
63,01125,Tuscaloosa County,AL,0.012677031835876859
64,01127,Walker County,AL,0.016955022748382426
65,01129,Washington County,AL,0.008820286659316428
66,01131,Wilcox County,AL,0.029499662585558663
67,01133,Winston County,AL,0.01269626306657074
69,02013,Aleutians East Borough,AK,0.0
70,02016,Aleutians West Census Area,AK,0.0
71,02020,Municipality of Anchorage,AK,0.002329861111111111
72,02050,Bethel Census Area,AK,0.00032633525508539104
73,02060,Bristol Bay Borough,AK,0.0
74,02068,Denali Borough,AK,0.0
75,02070,Dillingham Census Area,AK,0.0
76,02090,Fairbanks North Star Borough,AK,0.0023128788113454964
77,02100,Haines Borough,AK,0.0007905138339920949
78,02105,Hoonah-Angoon Census Area,AK,0.0
79,02110,City and Borough of Juneau,AK,0.0015012197410395947
80,02122,Kenai Peninsula Borough,AK,0.0032533896572869113
81,02130,Ketchikan Gateway Borough,AK,0.0015106826846989425
82,02150,Kodiak Island Borough,AK,0.0002308047391906447
83,02158,Kusilvak Census Area,AK,0.0
84,02164,Lake and Peninsula Borough,AK,0.0
85,02170,Matanuska-Susitna Borough,AK,0.00123710959498509
86,02180,Nome Census Area,AK,0.0004998000799680128
87,02185,North Slope Borough,AK,0.0004068348250610252
88,02188,Northwest Arctic Borough,AK,0.0005248655032148012
89,02195,Petersburg Census Area,AK,0.001224739742804654
90,02198,Prince of Wales-Hyder Census Area,AK,0.00032242463324197966
91,02220,Sitka City and Borough,AK,0.001295184269398328
92,02230,Skagway Municipality,AK,0.0
93,02240,Southeast Fairbanks Census Area,AK,0.0004352241404323226
94,02261,Valdez-Cordova Census Area,AK,0.0
95,02270,Wade Hampton Census Area,AK,0.0
96,02275,Wrangell City and Borough,AK,0.001199040767386091
97,02282,Yakutat City and Borough,AK,0.0
98,02290,Yukon-Koyukuk Census Area,AK,0.0003824091778202677
100,04001,Apache County,AZ,0.03548624925229875
101,04003,Cochise County,AZ,0.008100252537284986
102,04005,Coconino County,AZ,0.016915721096211214
103,04007,Gila County,AZ,0.008126920656077603
104,04009,Graham County,AZ,0.005175476993588588
105,04011,Greenlee County,AZ,0.0033691303432301536
106,04012,La Paz County,AZ,0.018855410270987305
107,04013,Maricopa County,AZ,0.017496935622887875
108,04015,Mohave County,AZ,0.008290091949797579
109,04017,Navajo County,AZ,0.038575961919873065
110,04019,Pima County,AZ,0.010926410249799718
111,04021,Pinal County,AZ,0.011912556262141062
112,04023,Santa Cruz County,AZ,0.04649662351068863
113,04025,Yavapai County,AZ,0.004602316470933522
114,04027,Yuma County,AZ,0.03808931319490895
116,05001,Arkansas County,AR,0.0032025620496397116
117,05003,Ashley County,AR,0.004934628885384341
118,05005,Baxter County,AR,0.000691595917199275
119,05007,Benton County,AR,0.012237543033807287
120,05009,Boone County,AR,0.0012288950630476598
121,05011,Bradley County,AR,0.0069683173836291
122,05013,Calhoun County,AR,0.0003854307188282906
123,05015,Carroll County,AR,0.007928118393234672
124,05017,Chicot County,AR,0.02075508993872307
125,05019,Clark County,AR,0.0031810035842293905
126,05021,Clay County,AR,0.0054979039241289255
127,05023,Cleburne County,AR,0.005216902764958465
128,05025,Cleveland County,AR,0.004399195575666164
129,05027,Columbia County,AR,0.004561538133606173
130,05029,Conway County,AR,0.004269404202245035
131,05031,Craighead County,AR,0.0049033825182177426
132,05033,Crawford County,AR,0.004268302322272634
133,05035,Crittenden County,AR,0.017370451464915025
134,05037,Cross County,AR,0.005785979657713624
135,05039,Dallas County,AR,0.0014267370523612499
136,05041,Desha County,AR,0.0069536132382712786
137,05043,Drew County,AR,0.00488501015423459
138,05045,Faulkner County,AR,0.006007602752228051
139,05047,Franklin County,AR,0.001693480101608806
140,05049,Fulton County,AR,0.001362507012903743
141,05051,Garland County,AR,0.0032197693840178695
142,05053,Grant County,AR,0.002901724609909663
143,05055,Greene County,AR,0.003243243243243243
144,05057,Hempstead County,AR,0.0035296303176667286
145,05059,Hot Spring County,AR,0.035918391519350924
146,05061,Howard County,AR,0.010225723375246175
147,05063,Independence County,AR,0.001877065432914739
148,05065,Izard County,AR,0.0018343238682221733
149,05067,Jackson County,AR,0.002452299778694898
150,05069,Jefferson County,AR,0.012719980845205316
151,05071,Johnson County,AR,0.013657912559259537
152,05073,Lafayette County,AR,0.0036231884057971015
153,05075,Lawrence County,AR,0.007009630622942826
154,05077,Lee County,AR,0.09314666365586542
155,05079,Lincoln County,AR,0.08046683046683047
156,05081,Little River County,AR,0.0034260543274329063
157,05083,Logan County,AR,0.0035870679213640174
158,05085,Lonoke County,AR,0.0026463326467418735
159,05087,Madison County,AR,0.013392857142857142
160,05089,Marion County,AR,0.0007787228944530969
161,05091,Miller County,AR,0.005871882007536353
162,05093,Mississippi County,AR,0.007478290816954072
163,05095,Monroe County,AR,0.0029846291598268917
164,05097,Montgomery County,AR,0.0007789895392833296
165,05099,Nevada County,AR,0.013208919049927291
166,05101,Newton County,AR,0.0010318586353669547
167,05103,Ouachita County,AR,0.0014113420579933281
168,05105,Perry County,AR,0.0031563845050215206
169,05107,Phillips County,AR,0.009672702733100889
170,05109,Pike County,AR,0.0017727187908191827
171,05111,Poinsett County,AR,0.003060183611016661
172,05113,Polk County,AR,0.004307753957122821
173,05115,Pope County,AR,0.010004370083655886
174,05117,Prairie County,AR,0.0034730836020838503
175,05119,Pulaski County,AR,0.007363916807642552
176,05121,Randolph County,AR,0.00417641162712997
177,05123,St. Francis County,AR,0.036128670881011446
178,05125,Saline County,AR,0.003740699298414695
179,05127,Scott County,AR,0.0015562688454430504
180,05129,Searcy County,AR,0.0020301992132978047
181,05131,Sebastian County,AR,0.00630539713831976
182,05133,Sevier County,AR,0.04703945434232963
183,05135,Sharp County,AR,0.003669303978901502
184,05137,Stone County,AR,0.0017591556053094515
185,05139,Union County,AR,0.007057546145494028
186,05141,Van Buren County,AR,0.0021154427319431852
187,05143,Washington County,AR,0.018629775029579368
188,05145,White County,AR,0.0016253349078765252
189,05147,Woodruff County,AR,0.0018987341772151898
190,05149,Yell County,AR,0.038798556768661265
192,06000,Grand Princess Cruise Ship,CA,0.0
193,06001,Alameda County,CA,0.0046220702207644335
194,06003,Alpine County,CA,0.001771479185119575
195,06005,Amador County,CA,0.001006238679814852
196,06007,Butte County,CA,0.0015420692927467995
197,06009,Calaveras County,CA,0.0014595359982572706
198,06011,Colusa County,CA,0.005244349561423864
199,06013,Contra Costa County,CA,0.0039921076768100585
200,06015,Del Norte County,CA,0.002157342154465698
201,06017,El Dorado County,CA,0.0015919685962155743
202,06019,Fresno County,CA,0.008289452217543571
203,06021,Glenn County,CA,0.005776071566935512
204,06023,Humboldt County,CA,0.0012171911654052141
205,06025,Imperial County,CA,0.04319178875920868
206,06027,Inyo County,CA,0.0018848051444093354
207,06029,Kern County,CA,0.00704175285102677
208,06031,Kings County,CA,0.018948607296979208
209,06033,Lake County,CA,0.0016773832820799553
210,06035,Lassen County,CA,0.0011120923690838321
211,06037,Los Angeles County,CA,0.012973464671708351
212,06039,Madera County,CA,0.005676075943735023
213,06041,Marin County,CA,0.011683524839081081
214,06043,Mariposa County,CA,0.001802011277102831
215,06045,Mendocino County,CA,0.0013026086756043297
216,06047,Merced County,CA,0.006784788245462403
217,06049,Modoc County,CA,0.0
218,06051,Mono County,CA,0.0034616449736914984
219,06053,Monterey County,CA,0.005572949424159277
220,06055,Napa County,CA,0.003462945754443025
221,06057,Nevada County,CA,0.001634003308104857
222,06059,Orange County,CA,0.007526233652381906
223,06061,Placer County,CA,0.0026485643776877907
224,06063,Plumas County,CA,0.0005848886053065348
225,06065,Riverside County,CA,0.010024099935803665
226,06067,Sacramento County,CA,0.0034399487648013156
227,06069,San Benito County,CA,0.005636224684753535
228,06071,San Bernardino County,CA,0.008674891116630773
229,06073,San Diego County,CA,0.005802601899752271
230,06075,San Francisco County,CA,0.005020707867628459
231,06077,San Joaquin County,CA,0.008238557340569023
232,06079,San Luis Obispo County,CA,0.003196626058330478
233,06081,San Mateo County,CA,0.00515149894400142
234,06083,Santa Barbara County,CA,0.00880405107290274
235,06085,Santa Clara County,CA,0.0031034539995808807
236,06087,Santa Cruz County,CA,0.0020789640317261625
237,06089,Shasta County,CA,0.0010828520657485562
238,06091,Sierra County,CA,0.00033277870216306157
239,06093,Siskiyou County,CA,0.0009416844667998806
240,06095,Solano County,CA,0.004635390255181026
241,06097,Sonoma County,CA,0.0033378107198342825
242,06099,Stanislaus County,CA,0.008593324374387099
243,06101,Sutter County,CA,0.0038361984510833134
244,06103,Tehama County,CA,0.0016440292545018744
245,06105,Trinity County,CA,0.0001628001628001628
246,06107,Tulare County,CA,0.012179452804084128
247,06109,Tuolumne County,CA,0.0011747861522082308
248,06111,Ventura County,CA,0.00501887693467895
249,06113,Yolo County,CA,0.0038049886621315194
250,06115,Yuba County,CA,0.002288096811918442
252,08001,Adams County,CO,0.00912023284713995
253,08003,Alamosa County,CO,0.01256699316207725
254,08005,Arapahoe County,CO,0.008570036095584764
255,08007,Archuleta County,CO,0.0008553710171787012
256,08009,Baca County,CO,0.003909522479754258
257,08011,Bent County,CO,0.0007172314864622557
258,08013,Boulder County,CO,0.00463831561392537
259,08014,Broomfield County and City,CO,0.004839281913006457
260,08015,Chaffee County,CO,0.004568677539791708
261,08017,Cheyenne County,CO,0.002730748225013654
262,08019,Clear Creek County,CO,0.0021649484536082476
263,08021,Conejos County,CO,0.0021937842778793418
264,08023,Costilla County,CO,0.005659891947517366
265,08025,Crowley County,CO,0.011714238574492658
266,08027,Custer County,CO,0.0005919494869771113
267,08029,Delta County,CO,0.002663500417174764
268,08031,Denver County,CO,0.010769914096458937
269,08033,Dolores County,CO,0.0
270,08035,Douglas County,CO,0.0032293523639201033
271,08037,Eagle County,CO,0.013804487819036045
272,08039,Elbert County,CO,0.0023195779864566574
273,08041,El Paso County,CO,0.004164335795381197
274,08043,Fremont County,CO,0.0008988482200714898
275,08045,Garfield County,CO,0.006709844990925892
276,08047,Gilpin County,CO,0.0012814352074323242
277,08049,Grand County,CO,0.0017160289818228041
278,08051,Gunnison County,CO,0.010995304088878707
279,08053,Hinsdale County,CO,0.003658536585365854
280,08055,Huerfano County,CO,0.0005799623024503408
281,08057,Jackson County,CO,0.005028735632183908
282,08059,Jefferson County,CO,0.005158857468334017
283,08061,Kiowa County,CO,0.0
284,08063,Kit Carson County,CO,0.0050725658729040436
285,08065,Lake County,CO,0.006644518272425249
286,08067,La Plata County,CO,0.002383451023638854
287,08069,Larimer County,CO,0.0025189199185203658
288,08071,Las Animas County,CO,0.0006204329243071833
289,08073,Lincoln County,CO,0.0007016312927556569
290,08075,Logan County,CO,0.02860457851755991
291,08077,Mesa County,CO,0.0009078529278256923
292,08079,Mineral County,CO,0.02080624187256177
293,08081,Moffat County,CO,0.0011292629677030791
294,08083,Montezuma County,CO,0.0029408394759958753
295,08085,Montrose County,CO,0.005098461106693484
296,08087,Morgan County,CO,0.022567772120544928
297,08089,Otero County,CO,0.0012583433636065215
298,08091,Ouray County,CO,0.0024232633279483036
299,08093,Park County,CO,0.0017511276200583709
300,08095,Phillips County,CO,0.0037514654161781946
301,08097,Pitkin County,CO,0.007316935892384758
302,08099,Prowers County,CO,0.0029576076240552087
303,08101,Pueblo County,CO,0.002553080321094381
304,08103,Rio Blanco County,CO,0.0009487666034155598
305,08105,Rio Grande County,CO,0.007100381645513447
306,08107,Routt County,CO,0.003159372805991107
307,08109,Saguache County,CO,0.015093786635404454
308,08111,San Juan County,CO,0.0027472527472527475
309,08113,San Miguel County,CO,0.005868688103680157
310,08115,Sedgwick County,CO,0.0
311,08117,Summit County,CO,0.009448260294734126
312,08119,Teller County,CO,0.002363321254135812
313,08121,Washington County,CO,0.009372453137734311
314,08123,Weld County,CO,0.009208239340261085
315,08125,Yuma County,CO,0.00538975945703164
317,09001,Fairfield County,CT,0.017921580101173288
318,09003,Hartford County,CT,0.013336024761135783
319,09005,Litchfield County,CT,0.00837339810239945
320,09007,Middlesex County,CT,0.008218621487847522
321,09009,New Haven County,CT,0.014661476887583255
322,09011,New London County,CT,0.004984804265363529
323,09013,Tolland County,CT,0.0061570716754798605
324,09015,Windham County,CT,0.0054117929132914315
326,10001,Kent County,DE,0.010116933833372053
327,10003,New Castle County,DE,0.010258557895886018
328,10005,Sussex County,DE,0.021671469740634004
329,11001,Washington,DC,0.015304307905501814
331,12001,Alachua County,FL,0.007593581695119368
332,12003,Baker County,FL,0.005169462512838069
333,12005,Bay County,FL,0.00633639563836181
334,12007,Bradford County,FL,0.004609765611148541
335,12009,Brevard County,FL,0.0053775945190732664
336,12011,Broward County,FL,0.014468106461666406
337,12013,Calhoun County,FL,0.010776320453739809
338,12015,Charlotte County,FL,0.005685246942988725
339,12017,Citrus County,FL,0.003494657784133051
340,12019,Clay County,FL,0.006399029427325635
341,12021,Collier County,FL,0.015505245491060062
342,12023,Columbia County,FL,0.006444773037971152
343,12027,DeSoto County,FL,0.02184153048603984
344,12029,Dixie County,FL,0.006299774159039582
345,12031,Duval County,FL,0.012828959389405432
346,12033,Escambia County,FL,0.011504291333140652
347,12035,Flagler County,FL,0.004110148504097114
348,12037,Franklin County,FL,0.002556701030927835
349,12039,Gadsden County,FL,0.012571178274200612
350,12041,Gilchrist County,FL,0.007211279733075019
351,12043,Glades County,FL,0.014481210629208601
352,12045,Gulf County,FL,0.006452085930053523
353,12047,Hamilton County,FL,0.028902134738009427
354,12049,Hardee County,FL,0.022125700709061884
355,12051,Hendry County,FL,0.027675979248964828
356,12053,Hernando County,FL,0.004218234323432343
357,12055,Highlands County,FL,0.004867210815187204
358,12057,Hillsborough County,FL,0.012473097241244374
359,12059,Holmes County,FL,0.011469643676403119
360,12061,Indian River County,FL,0.007240984723898376
361,12063,Jackson County,FL,0.012517774809324773
362,12065,Jefferson County,FL,0.005615611399691142
363,12067,Lafayette County,FL,0.006293042032771313
364,12069,Lake County,FL,0.006521064072042232
365,12071,Lee County,FL,0.011482304818337428
366,12073,Leon County,FL,0.0076503327860699905
367,12075,Levy County,FL,0.0061441341589764595
368,12077,Liberty County,FL,0.032678956188652145
369,12079,Madison County,FL,0.017303844697993835
370,12081,Manatee County,FL,0.011486585344684355
371,12083,Marion County,FL,0.0038377477918589416
372,12085,Martin County,FL,0.016645962732919253
373,12086,Miami-Dade County,FL,0.022403144714274147
374,12087,Monroe County,FL,0.007328770814247993
375,12089,Nassau County,FL,0.005438645980253879
376,12091,Okaloosa County,FL,0.0053621084000037966
377,12093,Okeechobee County,FL,0.012284196547144754
378,12095,Orange County,FL,0.01193439027680896
379,12097,Osceola County,FL,0.01027542175536459
380,12099,Palm Beach County,FL,0.013259886288474515
381,12101,Pasco County,FL,0.006765990248164535
382,12103,Pinellas County,FL,0.010867736893279563
383,12105,Polk County,FL,0.009634687634955303
384,12107,Putnam County,FL,0.009326230190147744
385,12109,St. Johns County,FL,0.0067555313746826265
386,12111,St. Lucie County,FL,0.008343055221339215
387,12113,Santa Rosa County,FL,0.006195981835247649
388,12115,Sarasota County,FL,0.006088873108898839
389,12117,Seminole County,FL,0.00865361383221781
390,12119,Sumter County,FL,0.004697175653224589
391,12121,Suwannee County,FL,0.01630006529031677
392,12123,Taylor County,FL,0.006027168621632899
393,12125,Union County,FL,0.007153639167815187
394,12127,Volusia County,FL,0.006568055465186053
395,12129,Wakulla County,FL,0.003615993360799075
396,12131,Walton County,FL,0.007263301427009221
397,12133,Washington County,FL,0.005927845169395046
399,13001,Appling County,GA,0.018492331121505494
400,13003,Atkinson County,GA,0.02375995101041029
401,13005,Bacon County,GA,0.026961662486563957
402,13007,Baker County,GA,0.014483212639894667
403,13009,Baldwin County,GA,0.014323902873691246
404,13011,Banks County,GA,0.008058646147447229
405,13013,Barrow County,GA,0.007508409418548774
406,13015,Bartow County,GA,0.008817687352651803
407,13017,Ben Hill County,GA,0.013712574850299402
408,13019,Berrien County,GA,0.008867350621230088
409,13021,Bibb County,GA,0.010688239019580959
410,13023,Bleckley County,GA,0.0068360133612988426
411,13025,Brantley County,GA,0.00722172798157936
412,13027,Brooks County,GA,0.014491816005693213
413,13029,Bryan County,GA,0.006132182602770838
414,13031,Bulloch County,GA,0.007624861822932368
415,13033,Burke County,GA,0.007818433632667649
416,13035,Butts County,GA,0.013594802694898942
417,13037,Calhoun County,GA,0.026983357569882047
418,13039,Camden County,GA,0.004847620092927963
419,13043,Candler County,GA,0.008145885402203092
420,13045,Carroll County,GA,0.008533902260150677
421,13047,Catoosa County,GA,0.00529742527374963
422,13049,Charlton County,GA,0.0076164874551971325
423,13051,Chatham County,GA,0.008471823929793041
424,13053,Chattahoochee County,GA,0.04244980287888512
425,13055,Chattooga County,GA,0.0032272378877728023
426,13057,Cherokee County,GA,0.006743361942706542
427,13059,Clarke County,GA,0.007200130911471117
428,13061,Clay County,GA,0.021524347212420608
429,13063,Clayton County,GA,0.009423245373918756
430,13065,Clinch County,GA,0.017376851012390452
431,13067,Cobb County,GA,0.00914567165828445
432,13069,Coffee County,GA,0.0213296975019065
433,13071,Colquitt County,GA,0.027916666666666666
434,13073,Columbia County,GA,0.005372844800081678
435,13075,Cook County,GA,0.013896931094383324
436,13077,Coweta County,GA,0.005932300399302399
437,13079,Crawford County,GA,0.004514672686230248
438,13081,Crisp County,GA,0.013901305202932236
439,13083,Dade County,GA,0.004901960784313725
440,13085,Dawson County,GA,0.006626321434043205
441,13087,Decatur County,GA,0.011702772307226179
442,13089,DeKalb County,GA,0.010728344771545259
443,13091,Dodge County,GA,0.006794467362290706
444,13093,Dooly County,GA,0.016280806572068707
445,13095,Dougherty County,GA,0.024500886807039882
446,13097,Douglas County,GA,0.009498233601880514
447,13099,Early County,GA,0.029931305201177625
448,13101,Echols County,GA,0.04867698452321518
449,13103,Effingham County,GA,0.004277093442826925
450,13105,Elbert County,GA,0.009013233302073565
451,13107,Emanuel County,GA,0.009229002914421972
452,13109,Evans County,GA,0.004505350103247607
453,13111,Fannin County,GA,0.004849549411944402
454,13113,Fayette County,GA,0.004448484106938412
455,13115,Floyd County,GA,0.007259030640216045
456,13117,Forsyth County,GA,0.00462227535496127
457,13119,Franklin County,GA,0.011092552143560752
458,13121,Fulton County,GA,0.00975715667375042
459,13123,Gilmer County,GA,0.007650865504160158
460,13125,Glascock County,GA,0.005048805116122518
461,13127,Glynn County,GA,0.018067345120292642
462,13129,Gordon County,GA,0.009022997429394613
463,13131,Grady County,GA,0.01010839118255998
464,13133,Greene County,GA,0.0063850687622789785
465,13135,Gwinnett County,GA,0.011870761014686248
466,13137,Habersham County,GA,0.016766678432756796
467,13139,Hall County,GA,0.01853835580925548
468,13141,Hancock County,GA,0.026841669622797684
469,13143,Haralson County,GA,0.003558002148227712
470,13145,Harris County,GA,0.01194800771937791
471,13147,Hart County,GA,0.00415951154359855
472,13149,Heard County,GA,0.006709720707875535
473,13151,Henry County,GA,0.0074650091021098985
474,13153,Houston County,GA,0.006100226145455237
475,13155,Irwin County,GA,0.01072642310960068
476,13157,Jackson County,GA,0.006988503227044137
477,13159,Jasper County,GA,0.0061889021731486036
478,13161,Jeff Davis County,GA,0.010387032748924909
479,13163,Jefferson County,GA,0.012693659679729201
480,13165,Jenkins County,GA,0.01602120792992162
481,13167,Johnson County,GA,0.013066473089287566
482,13169,Jones County,GA,0.004593701061423351
483,13171,Lamar County,GA,0.007705614090265765
484,13173,Lanier County,GA,0.015734433464453614
485,13175,Laurens County,GA,0.007655743911159719
486,13177,Lee County,GA,0.014070418778340891
487,13179,Liberty County,GA,0.003874013184666721
488,13181,Lincoln County,GA,0.007953541219542988
489,13183,Long County,GA,0.003476660360959149
490,13185,Lowndes County,GA,0.015569902730695194
491,13187,Lumpkin County,GA,0.0049687592978280275
492,13189,McDuffie County,GA,0.0071790540540540545
493,13191,McIntosh County,GA,0.005494505494505495
494,13193,Macon County,GA,0.010658839885687804
495,13195,Madison County,GA,0.005488621151271754
496,13197,Marion County,GA,0.01184352195238665
497,13199,Meriwether County,GA,0.011763594274105919
498,13201,Miller County,GA,0.01049317943336831
499,13205,Mitchell County,GA,0.02232081599048621
500,13207,Monroe County,GA,0.008086155631300312
501,13209,Montgomery County,GA,0.00577845617095508
502,13211,Morgan County,GA,0.004098360655737705
503,13213,Murray County,GA,0.007282521947326416
504,13215,Muscogee County,GA,0.013827521211223432
505,13217,Newton County,GA,0.0078393470790378
506,13219,Oconee County,GA,0.0057100297914597815
507,13221,Oglethorpe County,GA,0.006946719968543155
508,13223,Paulding County,GA,0.005015800364030901
509,13225,Peach County,GA,0.005227619255064256
510,13227,Pickens County,GA,0.0034978981927526005
511,13229,Pierce County,GA,0.012894939635242743
512,13231,Pike County,GA,0.005959286995042717
513,13233,Polk County,GA,0.007485978457278295
514,13235,Pulaski County,GA,0.005387447247912364
515,13237,Putnam County,GA,0.0095845200958452
516,13239,Quitman County,GA,0.009569377990430622
517,13241,Rabun County,GA,0.004609908385365
518,13243,Randolph County,GA,0.03127766302744173
519,13245,Richmond County,GA,0.007841278306125875
520,13247,Rockdale County,GA,0.007503080443583876
521,13249,Schley County,GA,0.005516454251474225
522,13251,Screven County,GA,0.007733066017471001
523,13253,Seminole County,GA,0.006798516687268232
524,13255,Spalding County,GA,0.008305473516933271
525,13257,Stephens County,GA,0.012111861137897782
526,13259,Stewart County,GA,0.03232140160096662
527,13261,Sumter County,GA,0.02055954477713047
528,13263,Talbot County,GA,0.015012106537530266
529,13265,Taliaferro County,GA,0.0013012361743656475
530,13267,Tattnall County,GA,0.007593134540852645
531,13269,Taylor County,GA,0.004364089775561097
532,13271,Telfair County,GA,0.011034047919293822
533,13273,Terrell County,GA,0.02907044895088501
534,13275,Thomas County,GA,0.013273042226271625
535,13277,Tift County,GA,0.024136403897254206
536,13279,Toombs County,GA,0.01200149086843086
537,13281,Towns County,GA,0.005815402508930797
538,13283,Treutlen County,GA,0.006665700623098102
539,13285,Troup County,GA,0.024913475015016732
540,13287,Turner County,GA,0.02366938008766437
541,13289,Twiggs County,GA,0.0049261083743842365
542,13291,Union County,GA,0.004446982987230223
543,13293,Upson County,GA,0.014703647416413375
544,13295,Walker County,GA,0.0053468270236951875
545,13297,Walton County,GA,0.005666381233283647
546,13299,Ware County,GA,0.017434376224324172
547,13301,Warren County,GA,0.0059002664636467455
548,13303,Washington County,GA,0.008834789437518406
549,13305,Wayne County,GA,0.005212684198215658
550,13307,Webster County,GA,0.011891062523973917
551,13309,Wheeler County,GA,0.007256524506683641
552,13311,White County,GA,0.005552308591466978
553,13313,Whitfield County,GA,0.016936192988492565
554,13315,Wilcox County,GA,0.01563404748118124
555,13317,Wilkes County,GA,0.01104633323105247
556,13319,Wilkinson County,GA,0.012396694214876033
557,13321,Worth County,GA,0.01748407171432805
559,15001,Hawaii County,HI,0.0004962458997682532
560,15003,Honolulu County,HI,0.0009286213410523486
561,15005,Kalawao County,HI,0.0
562,15007,Kauai County,HI,0.0005948017097091005
563,15009,Maui County,HI,0.0007944235053787847
565,16001,Ada County,ID,0.008253960343613927
566,16003,Adams County,ID,0.0027945971122496508
567,16005,Bannock County,ID,0.0015943877551020409
568,16007,Bear Lake County,ID,0.00032653061224489796
569,16009,Benewah County,ID,0.003118950311895031
570,16011,Bingham County,ID,0.0016662750208284378
571,16013,Blaine County,ID,0.023847791147213415
572,16015,Boise County,ID,0.0010215808964372365
573,16017,Bonner County,ID,0.0012899276328734778
574,16019,Bonneville County,ID,0.0015958072264870404
575,16021,Boundary County,ID,0.0004083299305839118
576,16023,Butte County,ID,0.0
577,16025,Camas County,ID,0.0009041591320072332
578,16027,Canyon County,ID,0.008744871633115655
579,16029,Caribou County,ID,0.002236198462613557
580,16031,Cassia County,ID,0.013441531419059509
581,16033,Clark County,ID,0.0
582,16035,Clearwater County,ID,0.0005710370031978072
583,16037,Custer County,ID,0.0011587485515643105
584,16039,Elmore County,ID,0.003307767801970121
585,16041,Franklin County,ID,0.0023061400980109543
586,16043,Fremont County,ID,0.0008397587602107031
587,16045,Gem County,ID,0.00314708480565371
588,16047,Gooding County,ID,0.005533961394031227
589,16049,Idaho County,ID,0.0006599868002639947
590,16051,Jefferson County,ID,0.0008034548558802853
591,16053,Jerome County,ID,0.01212518433557267
592,16055,Kootenai County,ID,0.0040918061280530126
593,16057,Latah County,ID,0.0008975765433330009
594,16059,Lemhi County,ID,0.00037373863211660643
595,16061,Lewis County,ID,0.0
596,16063,Lincoln County,ID,0.00801341781587775
597,16065,Madison County,ID,0.0016538451900669055
598,16067,Minidoka County,ID,0.012548124910879794
599,16069,Nez Perce County,ID,0.0026727380716689763
600,16071,Oneida County,ID,0.0013242109909512249
601,16073,Owyhee County,ID,0.007358538442019792
602,16075,Payette County,ID,0.00718132854578097
603,16077,Power County,ID,0.0026038276266111184
604,16079,Shoshone County,ID,0.0006210215804999224
605,16081,Teton County,ID,0.0023884038873332237
606,16083,Twin Falls County,ID,0.009392481410713874
607,16085,Valley County,ID,0.002106741573033708
608,16087,Washington County,ID,0.012850696488130272
610,17001,Adams County,IL,0.0025521509895315964
611,17003,Alexander County,IL,0.004165943412601979
612,17005,Bond County,IL,0.0012175818823815902
613,17007,Boone County,IL,0.011859405348871956
614,17009,Brown County,IL,0.0015202189115232593
615,17011,Bureau County,IL,0.0011339953414245434
616,17013,Calhoun County,IL,0.00021101498206372652
617,17015,Carroll County,IL,0.0013981125480601187
618,17017,Cass County,IL,0.011360829834527044
619,17019,Champaign County,IL,0.004950188135762963
620,17021,Christian County,IL,0.001547795938583457
621,17023,Clark County,IL,0.0025905057962567193
622,17025,Clay County,IL,0.000379247572815534
623,17027,Clinton County,IL,0.006549172035567861
624,17029,Coles County,IL,0.0037533829833468323
625,17031,Cook County,IL,0.01847256230931688
626,17033,Crawford County,IL,0.0010714094391171586
627,17035,Cumberland County,IL,0.002693665242429872
628,17037,DeKalb County,IL,0.006072623621266576
629,17039,De Witt County,IL,0.0011510423327791277
630,17041,Douglas County,IL,0.0031338299511944516
631,17043,DuPage County,IL,0.010446181200774498
632,17045,Edgar County,IL,0.0011071615873200862
633,17047,Edwards County,IL,0.0007818608287724785
634,17049,Effingham County,IL,0.0008821453775582216
635,17051,Fayette County,IL,0.0011248593925759281
636,17053,Ford County,IL,0.0032404907028778644
637,17055,Franklin County,IL,0.0011697730640255791
638,17057,Fulton County,IL,0.00046592894583576003
639,17059,Gallatin County,IL,0.0012427506213753107
640,17061,Greene County,IL,0.0006168555786876397
641,17063,Grundy County,IL,0.0037803110432091513
642,17065,Hamilton County,IL,0.0008624938393297191
643,17067,Hancock County,IL,0.00112943302462164
644,17069,Hardin County,IL,0.00026171159382360636
645,17071,Henderson County,IL,0.0012037315678603672
646,17073,Henry County,IL,0.0022693353505203115
647,17075,Iroquois County,IL,0.006454230286936638
648,17077,Jackson County,IL,0.006185022026431718
649,17079,Jasper County,IL,0.004890738813735692
650,17081,Jefferson County,IL,0.0030251565651204754
651,17083,Jersey County,IL,0.0018371377394020116
652,17085,Jo Daviess County,IL,0.002542971509300683
653,17087,Johnson County,IL,0.0020939035193686074
654,17089,Kane County,IL,0.01517271690805649
655,17091,Kankakee County,IL,0.012870692323096247
656,17093,Kendall County,IL,0.008124660826420653
657,17095,Knox County,IL,0.0033803497052254574
658,17097,Lake County,IL,0.014813325963519421
659,17099,LaSalle County,IL,0.002337373123889978
660,17101,Lawrence County,IL,0.0007654037504783774
661,17103,Lee County,IL,0.0030795401220084467
662,17105,Livingston County,IL,0.0015148114901256731
663,17107,Logan County,IL,0.0006988608568034105
664,17109,McDonough County,IL,0.003571187925341958
665,17111,McHenry County,IL,0.0073040607718650695
666,17113,McLean County,IL,0.001836552644927325
667,17115,Macon County,IL,0.0024036381466988432
668,17117,Macoupin County,IL,0.0014913413168321239
669,17119,Madison County,IL,0.004437836070062289
670,17121,Marion County,IL,0.0020696142991533397
671,17123,Marshall County,IL,0.0010491344640671447
672,17125,Mason County,IL,0.001796541657309679
673,17127,Massac County,IL,0.0011617775196049957
674,17129,Menard County,IL,0.0025418169891767792
675,17131,Mercer County,IL,0.0018786033555742696
676,17133,Monroe County,IL,0.004474983399255132
677,17135,Montgomery County,IL,0.0025691560498345887
678,17137,Morgan County,IL,0.00398122288906055
679,17139,Moultrie County,IL,0.0016550582718433211
680,17141,Ogle County,IL,0.0058448354165432535
681,17143,Peoria County,IL,0.003594171191936555
682,17145,Perry County,IL,0.002916427615222796
683,17147,Piatt County,IL,0.0012848751835535977
684,17149,Pike County,IL,0.000385579332947754
685,17151,Pope County,IL,0.00023940627244433804
686,17153,Pulaski County,IL,0.015745079662605434
687,17155,Putnam County,IL,0.00017424638438752395
688,17157,Randolph County,IL,0.00975394877603675
689,17159,Richland County,IL,0.0005801585766776252
690,17161,Rock Island County,IL,0.008239415276397493
691,17163,St. Clair County,IL,0.008722072040849333
692,17165,Saline County,IL,0.0006811119152015665
693,17167,Sangamon County,IL,0.002666022848689077
694,17169,Schuyler County,IL,0.0019208037825059101
695,17171,Scott County,IL,0.00020197939810139365
696,17173,Shelby County,IL,0.0009244707405010632
697,17175,Stark County,IL,0.0011231748408835642
698,17177,Stephenson County,IL,0.0063598363971414445
699,17179,Tazewell County,IL,0.0013049778836597044
700,17181,Union County,IL,0.012310094277307393
701,17183,Vermilion County,IL,0.0011747934211568415
702,17185,Wabash County,IL,0.0019965277777777776
703,17187,Warren County,IL,0.008845879838518167
704,17189,Washington County,IL,0.0018002448332973284
705,17191,Wayne County,IL,0.0011100832562442183
706,17193,White County,IL,0.0007387161113983896
707,17195,Whiteside County,IL,0.003787947439963752
708,17197,Will County,IL,0.010456855878380238
709,17199,Williamson County,IL,0.0023274321666141118
710,17201,Winnebago County,IL,0.011168834845632263
711,17203,Woodford County,IL,0.0011960789412101198
713,18001,Adams County,IN,0.0013695949911954608
714,18003,Allen County,IN,0.007748504477997569
715,18005,Bartholomew County,IN,0.007125890736342043
716,18007,Benton County,IN,0.005829903978052126
717,18009,Blackford County,IN,0.0034019391052900155
718,18011,Boone County,IN,0.007104638651003051
719,18013,Brown County,IN,0.002849191624701829
720,18015,Carroll County,IN,0.005627684257293775
721,18017,Cass County,IN,0.04362015442171456
722,18019,Clark County,IN,0.00587479501614512
723,18021,Clay County,IN,0.002440419447092469
724,18023,Clinton County,IN,0.008950893546097101
725,18025,Crawford County,IN,0.003119977309255933
726,18027,Daviess County,IN,0.004497616263380408
727,18029,Dearborn County,IN,0.005216547373529055
728,18031,Decatur County,IN,0.009638917127903912
729,18033,DeKalb County,IN,0.003887291546866015
730,18035,Delaware County,IN,0.0041266920751741355
731,18037,Dubois County,IN,0.00711344065892924
732,18039,Elkhart County,IN,0.017151220552386583
733,18041,Fayette County,IN,0.004588347329235564
734,18043,Floyd County,IN,0.005170525457833473
735,18045,Fountain County,IN,0.0021411966230270403
736,18047,Franklin County,IN,0.005580455224536427
737,18049,Fulton County,IN,0.0036547511765294884
738,18051,Gibson County,IN,0.003565168305653763
739,18053,Grant County,IN,0.00483510468457784
740,18055,Greene County,IN,0.006077313451538125
741,18057,Hamilton County,IN,0.005002795767001665
742,18059,Hancock County,IN,0.005974311738818954
743,18061,Harrison County,IN,0.005356040972479328
744,18063,Hendricks County,IN,0.008537322897522768
745,18065,Henry County,IN,0.0061702659884932875
746,18067,Howard County,IN,0.0072446210505912
747,18069,Huntington County,IN,0.0025465498357064623
748,18071,Jackson County,IN,0.010806900137912323
749,18073,Jasper County,IN,0.004022406292831178
750,18075,Jay County,IN,0.0034253278528087686
751,18077,Jefferson County,IN,0.0026618794106722794
752,18079,Jennings County,IN,0.006453939066161889
753,18081,Johnson County,IN,0.008472058014630105
754,18083,Knox County,IN,0.0019402087773952015
755,18085,Kosciusko County,IN,0.007236709625453081
756,18087,LaGrange County,IN,0.012217902761649921
757,18089,Lake County,IN,0.011509949680015983
758,18091,LaPorte County,IN,0.005605707629586488
759,18093,Lawrence County,IN,0.005554331055763721
760,18095,Madison County,IN,0.0052018615563908036
761,18097,Marion County,IN,0.012460319599577848
762,18099,Marshall County,IN,0.011760127977863289
763,18101,Martin County,IN,0.0025353486104339345
764,18103,Miami County,IN,0.005434170514697601
765,18105,Monroe County,IN,0.0022906266211236196
766,18107,Montgomery County,IN,0.0077468829881579635
767,18109,Morgan County,IN,0.004851820851480373
768,18111,Newton County,IN,0.007151029748283753
769,18113,Noble County,IN,0.01074480563002681
770,18115,Ohio County,IN,0.003914893617021277
771,18117,Orange County,IN,0.0069734297057925275
772,18119,Owen County,IN,0.0025001201980864463
773,18121,Parke County,IN,0.001594143000531381
774,18123,Perry County,IN,0.0076686316448432365
775,18125,Pike County,IN,0.0008878844135927032
776,18127,Porter County,IN,0.0048477307807428885
777,18129,Posey County,IN,0.0022417115664451173
778,18131,Pulaski County,IN,0.005342831700801425
779,18133,Putnam County,IN,0.004604002554822227
780,18135,Randolph County,IN,0.003202919116156497
781,18137,Ripley County,IN,0.004589747210845926
782,18139,Rush County,IN,0.0036789095953199446
783,18141,St. Joseph County,IN,0.007747603246194256
784,18143,Scott County,IN,0.006869685418673816
785,18145,Shelby County,IN,0.010150014531959132
786,18147,Spencer County,IN,0.002663115845539281
787,18149,Starke County,IN,0.004522722330941509
788,18151,Steuben County,IN,0.003931317569520726
789,18153,Sullivan County,IN,0.002419081716580386
790,18155,Switzerland County,IN,0.0028834527020742255
791,18157,Tippecanoe County,IN,0.0039339505037500255
792,18159,Tipton County,IN,0.002112490097702667
793,18161,Union County,IN,0.001984689537850865
794,18163,Vanderburgh County,IN,0.004006591311152873
795,18165,Vermillion County,IN,0.0012904890953671442
796,18167,Vigo County,IN,0.0023543040789252415
797,18169,Wabash County,IN,0.003742418376564718
798,18171,Warren County,IN,0.0018148820326678765
799,18173,Warrick County,IN,0.003968379948569796
800,18175,Washington County,IN,0.0024254529890141248
801,18177,Wayne County,IN,0.002337441563960901
802,18179,Wells County,IN,0.002897936104042974
803,18181,White County,IN,0.011368351174176417
804,18183,Whitley County,IN,0.003120951595807325
806,19001,Adair County,IA,0.0023769574944071587
807,19003,Adams County,IA,0.002220988339811216
808,19005,Allamakee County,IA,0.010082560093519398
809,19007,Appanoose County,IA,0.0016900048285852245
810,19009,Audubon County,IA,0.002911208151382824
811,19011,Benton County,IA,0.002924546695262234
812,19013,Black Hawk County,IA,0.018974609077331058
813,19015,Boone County,IA,0.0063657848593428375
814,19017,Bremer County,IA,0.004389114994812864
815,19019,Buchanan County,IA,0.0029752066115702478
816,19021,Buena Vista County,IA,0.08843017329255862
817,19023,Butler County,IA,0.004570953667151465
818,19025,Calhoun County,IA,0.006309474555233761
819,19027,Carroll County,IA,0.0056037689065212
820,19029,Cass County,IA,0.0021034590215020257
821,19031,Cedar County,IA,0.005100123476673646
822,19033,Cerro Gordo County,IA,0.0065017667844522965
823,19035,Cherokee County,IA,0.007387627948375612
824,19037,Chickasaw County,IA,0.002430235481438029
825,19039,Clarke County,IA,0.01522086216072379
826,19041,Clay County,IA,0.00924075924075924
827,19043,Clayton County,IA,0.0027351985868140634
828,19045,Clinton County,IA,0.002843050679532189
829,19047,Crawford County,IA,0.04042806183115339
830,19049,Dallas County,IA,0.014809583426963287
831,19051,Davis County,IA,0.004666666666666667
832,19053,Decatur County,IA,0.0016518424396442185
833,19055,Delaware County,IA,0.003291987537475751
834,19057,Des Moines County,IA,0.0025662740267405754
835,19059,Dickinson County,IA,0.017267354270483252
836,19061,Dubuque County,IA,0.009546711060414548
837,19063,Emmet County,IA,0.010317115551694178
838,19065,Fayette County,IA,0.002849872773536896
839,19067,Floyd County,IA,0.005178365937859608
840,19069,Franklin County,IA,0.010327706057596822
841,19071,Fremont County,IA,0.0014367816091954023
842,19073,Greene County,IA,0.0033753375337533752
843,19075,Grundy County,IA,0.003842380640941792
844,19077,Guthrie County,IA,0.006829450837309383
845,19079,Hamilton County,IA,0.013538211602247344
846,19081,Hancock County,IA,0.005644402634054563
847,19083,Hardin County,IA,0.005283153270806126
848,19085,Harrison County,IA,0.004270766602605168
849,19087,Henry County,IA,0.004660719655206976
850,19089,Howard County,IA,0.0040401834461672856
851,19091,Humboldt County,IA,0.006172839506172839
852,19093,Ida County,IA,0.0033527696793002916
853,19095,Iowa County,IA,0.0038927335640138406
854,19097,Jackson County,IA,0.0028808066258552397
855,19099,Jasper County,IA,0.009116579265832998
856,19101,Jefferson County,IA,0.0033889040721508607
857,19103,Johnson County,IA,0.009434960963345243
858,19105,Jones County,IA,0.003384749286784972
859,19107,Keokuk County,IA,0.0022447784501268787
860,19109,Kossuth County,IA,0.002767839060284885
861,19111,Lee County,IA,0.0016044210713967377
862,19113,Linn County,IA,0.006073945991724965
863,19115,Louisa County,IA,0.03307657453556864
864,19117,Lucas County,IA,0.003953488372093023
865,19119,Lyon County,IA,0.004763930242450021
866,19121,Madison County,IA,0.003366385114457094
867,19123,Mahaska County,IA,0.005385833899072189
868,19125,Marion County,IA,0.0024057979731152077
869,19127,Marshall County,IA,0.02771215931316518
870,19129,Mills County,IA,0.003110728704745516
871,19131,Mitchell County,IA,0.0041564330247496695
872,19133,Monona County,IA,0.009053975623911782
873,19135,Monroe County,IA,0.006617360840794083
874,19137,Montgomery County,IA,0.0012100433598870627
875,19139,Muscatine County,IA,0.016079129945621603
876,19141,O'Brien County,IA,0.006834872391478223
877,19143,Osceola County,IA,0.011413225914736489
878,19145,Page County,IA,0.0013238895876083936
879,19147,Palo Alto County,IA,0.005514292144947108
880,19149,Plymouth County,IA,0.013742701672161099
881,19151,Pocahontas County,IA,0.01616558392506421
882,19153,Polk County,IA,0.014897146039770605
883,19155,Pottawattamie County,IA,0.008765530116086948
884,19157,Poweshiek County,IA,0.005998702983138781
885,19159,Ringgold County,IA,0.0032693093583980384
886,19161,Sac County,IA,0.006789424956280218
887,19163,Scott County,IA,0.005892114743007812
888,19165,Shelby County,IA,0.01038938362144229
889,19167,Sioux County,IA,0.014345144168698896
890,19169,Story County,IA,0.0088244076732189
891,19171,Tama County,IA,0.028657885368458525
892,19173,Taylor County,IA,0.013233131841202417
893,19175,Union County,IA,0.0031043215423576507
894,19177,Van Buren County,IA,0.002981260647359455
895,19179,Wapello County,IA,0.020418084589207585
896,19181,Warren County,IA,0.006139975906423658
897,19183,Washington County,IA,0.011381743683132255
898,19185,Wayne County,IA,0.0017078093463747865
899,19187,Webster County,IA,0.009887477718360071
900,19189,Winnebago County,IA,0.003283755070504153
901,19191,Winneshiek County,IA,0.0022510129558301235
902,19193,Woodbury County,IA,0.032267450318601065
903,19195,Worth County,IA,0.0029806259314456036
904,19197,Wright County,IA,0.0316032478904633
906,20001,Allen County,KS,0.00048508367693427115
907,20003,Anderson County,KS,0.0010180707559175363
908,20005,Atchison County,KS,0.002613077832389722
909,20007,Barber County,KS,0.00045177320984865596
910,20009,Barton County,KS,0.0023662671166453314
911,20011,Bourbon County,KS,0.0026833631484794273
912,20013,Brown County,KS,0.001986616478460895
913,20015,Butler County,KS,0.0013749607687824125
914,20017,Chase County,KS,0.0018882175226586104
915,20019,Chautauqua County,KS,0.0015384615384615385
916,20021,Cherokee County,KS,0.0023571894277546516
917,20023,Cheyenne County,KS,0.0007527286413248024
918,20025,Clark County,KS,0.017051153460381142
919,20027,Clay County,KS,0.0012496875781054736
920,20029,Cloud County,KS,0.0029592533576143867
921,20031,Coffey County,KS,0.006480009781146839
922,20033,Comanche County,KS,0.0017647058823529412
923,20035,Cowley County,KS,0.0022630915549444255
924,20037,Crawford County,KS,0.007754134679787727
925,20039,Decatur County,KS,0.0
926,20041,Dickinson County,KS,0.0008123036932741254
927,20043,Doniphan County,KS,0.0035526315789473684
928,20045,Douglas County,KS,0.0033944331296673455
929,20047,Edwards County,KS,0.0028591851322373124
930,20049,Elk County,KS,0.0003952569169960474
931,20051,Ellis County,KS,0.0015409939410920043
932,20053,Ellsworth County,KS,0.001802687643395608
933,20055,Finney County,KS,0.04398497271505745
934,20057,Ford County,KS,0.060323031619024955
935,20059,Franklin County,KS,0.003484184152834325
936,20061,Geary County,KS,0.0036311967161351435
937,20063,Gove County,KS,0.0007587253414264037
938,20065,Graham County,KS,0.0024174053182917004
939,20067,Grant County,KS,0.007132867132867133
940,20069,Gray County,KS,0.00501002004008016
941,20071,Greeley County,KS,0.0
942,20073,Greenwood County,KS,0.0018388498829822802
943,20075,Hamilton County,KS,0.013784954706577392
944,20077,Harper County,KS,0.0003679175864606328
945,20079,Harvey County,KS,0.0019169885852043335
946,20081,Haskell County,KS,0.008568548387096774
947,20083,Hodgeman County,KS,0.005016722408026756
948,20085,Jackson County,KS,0.00888315238022929
949,20087,Jefferson County,KS,0.0019429711705088483
950,20089,Jewell County,KS,0.0013893713094824591
951,20091,Johnson County,KS,0.0047426880101460655
952,20093,Kearny County,KS,0.012506513809275664
953,20095,Kingman County,KS,0.0005592841163310962
954,20097,Kiowa County,KS,0.0012121212121212121
955,20099,Labette County,KS,0.0033642573147109798
956,20101,Lane County,KS,0.003257328990228013
957,20103,Leavenworth County,KS,0.015068861762763277
958,20105,Lincoln County,KS,0.00033760972316002703
959,20107,Linn County,KS,0.001752035452952695
960,20109,Logan County,KS,0.00035790980672870435
961,20111,Lyon County,KS,0.015303509564693478
962,20113,McPherson County,KS,0.003153247845280639
963,20115,Marion County,KS,0.0018512285425782565
964,20117,Marshall County,KS,0.00020603688060162769
965,20119,Meade County,KS,0.007934540044631788
966,20121,Miami County,KS,0.0016648654963927914
967,20123,Mitchell County,KS,0.0018397725372135808
968,20125,Montgomery County,KS,0.001822237582079236
969,20127,Morris County,KS,0.0008896797153024911
970,20129,Morton County,KS,0.002705836876691148
971,20131,Nemaha County,KS,0.0030300068419509335
972,20133,Neosho County,KS,0.0024364340600987067
973,20135,Ness County,KS,0.0014545454545454545
974,20137,Norton County,KS,0.0024249207237455697
975,20139,Osage County,KS,0.001755595962129287
976,20141,Osborne County,KS,0.0008769365682548962
977,20143,Ottawa County,KS,0.002629733520336606
978,20145,Pawnee County,KS,0.0007795447458684129
979,20147,Phillips County,KS,0.005349636988918609
980,20149,Pottawatomie County,KS,0.003650084074970266
981,20151,Pratt County,KS,0.0014185945002182453
982,20153,Rawlins County,KS,0.0
983,20155,Reno County,KS,0.0019516758605116293
984,20157,Republic County,KS,0.0025884383088869713
985,20159,Rice County,KS,0.0007339834329453706
986,20161,Riley County,KS,0.004203039120594891
987,20163,Rooks County,KS,0.001829268292682927
988,20165,Rush County,KS,0.0009881422924901185
989,20167,Russell County,KS,0.00014585764294049007
990,20169,Saline County,KS,0.0035408675125405725
991,20171,Scott County,KS,0.00352477710968277
992,20173,Sedgwick County,KS,0.00401905271276369
993,20175,Seward County,KS,0.048907970879223446
994,20177,Shawnee County,KS,0.005597173144876325
995,20179,Sheridan County,KS,0.002380007933359778
996,20181,Sherman County,KS,0.0011830319418624302
997,20183,Smith County,KS,0.0008372871895060006
998,20185,Stafford County,KS,0.00024061597690086623
999,20187,Stanton County,KS,0.005982053838484547
1000,20189,Stevens County,KS,0.00601640838650866
1001,20191,Sumner County,KS,0.001138553161674549
1002,20193,Thomas County,KS,0.002185932879002186
1003,20195,Trego County,KS,0.0007135212272565109
1004,20197,Wabaunsee County,KS,0.005482614341364883
1005,20199,Wallace County,KS,0.0
1006,20201,Washington County,KS,0.0001849796522382538
1007,20203,Wichita County,KS,0.0
1008,20205,Wilson County,KS,0.000469208211143695
1009,20207,Woodson County,KS,0.0028680688336520078
1010,20209,Wyandotte County,KS,0.01776592979465511
1012,21001,Adair County,KY,0.0073429851057181545
1013,21003,Allen County,KY,0.008866995073891626
1014,21005,Anderson County,KY,0.0013628170747790917
1015,21007,Ballard County,KY,0.0021551724137931034
1016,21009,Barren County,KY,0.0028023232163438723
1017,21011,Bath County,KY,0.00168
1018,21013,Bell County,KY,0.0035341118623232943
1019,21015,Boone County,KY,0.005330099340475068
1020,21017,Bourbon County,KY,0.002071962805740853
1021,21019,Boyd County,KY,0.0017338070979065884
1022,21021,Boyle County,KY,0.001430472388556221
1023,21023,Bracken County,KY,0.002288329519450801
1024,21025,Breathitt County,KY,0.0011876484560570072
1025,21027,Breckinridge County,KY,0.0014162230795526688
1026,21029,Bullitt County,KY,0.0021181252754787208
1027,21031,Butler County,KY,0.020498485907290937
1028,21033,Caldwell County,KY,0.0025103946026516044
1029,21035,Calloway County,KY,0.00274351939693854
1030,21037,Campbell County,KY,0.0034514446914002393
1031,21039,Carlisle County,KY,0.0021008403361344537
1032,21041,Carroll County,KY,0.0072429686765120875
1033,21043,Carter County,KY,0.0013807515766690302
1034,21045,Casey County,KY,0.002537285723126431
1035,21047,Christian County,KY,0.003931252749748088
1036,21049,Clark County,KY,0.0030885475553594573
1037,21051,Clay County,KY,0.00412039596000201
1038,21053,Clinton County,KY,0.0005871990604815032
1039,21055,Crittenden County,KY,0.0012491483079718373
1040,21057,Cumberland County,KY,0.0009071666162685213
1041,21059,Daviess County,KY,0.004915723419136843
1042,21061,Edmonson County,KY,0.006255144032921811
1043,21063,Elliott County,KY,0.00039909538379672744
1044,21065,Estill County,KY,0.0004253509145044662
1045,21067,Fayette County,KY,0.005613457444174877
1046,21069,Fleming County,KY,0.001851724847404156
1047,21071,Floyd County,KY,0.0011239427913119222
1048,21073,Franklin County,KY,0.0031966425447628012
1049,21075,Fulton County,KY,0.004523370748869157
1050,21077,Gallatin County,KY,0.007667155259894013
1051,21079,Garrard County,KY,0.0022076304766217593
1052,21081,Grant County,KY,0.002552953847381228
1053,21083,Graves County,KY,0.007701390006976869
1054,21085,Grayson County,KY,0.00556249290498354
1055,21087,Green County,KY,0.0008225939128050452
1056,21089,Greenup County,KY,0.0012536326856231125
1057,21091,Hancock County,KY,0.002980967667966063
1058,21093,Hardin County,KY,0.00233421655040646
1059,21095,Harlan County,KY,0.0014225297962322185
1060,21097,Harrison County,KY,0.004288891242189982
1061,21099,Hart County,KY,0.0024691358024691358
1062,21101,Henderson County,KY,0.00440168104401681
1063,21103,Henry County,KY,0.002666501302244822
1064,21105,Hickman County,KY,0.0015981735159817352
1065,21107,Hopkins County,KY,0.006825403929642393
1066,21109,Jackson County,KY,0.008702828419236253
1067,21111,Jefferson County,KY,0.005897565982442938
1068,21113,Jessamine County,KY,0.0024946872401367458
1069,21115,Johnson County,KY,0.0004957634757526591
1070,21117,Kenton County,KY,0.005263536090252578
1071,21119,Knott County,KY,0.0010806429825746318
1072,21121,Knox County,KY,0.0030181409536041096
1073,21123,Larue County,KY,0.0013196277260730657
1074,21125,Laurel County,KY,0.0030750004110963115
1075,21127,Lawrence County,KY,0.0007181562969249853
1076,21129,Lee County,KY,0.00013508037282182898
1077,21131,Leslie County,KY,0.0011136984914447707
1078,21133,Letcher County,KY,0.0008815478123695077
1079,21135,Lewis County,KY,0.001657250470809793
1080,21137,Lincoln County,KY,0.002077477697665893
1081,21139,Livingston County,KY,0.001740265390472047
1082,21141,Logan County,KY,0.009039923252896466
1083,21143,Lyon County,KY,0.0025578562728380025
1084,21145,McCracken County,KY,0.002950258338683543
1085,21147,McCreary County,KY,0.0010446288665776798
1086,21149,McLean County,KY,0.003041164331486912
1087,21151,Madison County,KY,0.0019680170346392505
1088,21153,Magoffin County,KY,0.0005756105583422416
1089,21155,Marion County,KY,0.003268821667617911
1090,21157,Marshall County,KY,0.0022186495176848876
1091,21159,Martin County,KY,0.0010719071013845466
1092,21161,Mason County,KY,0.0022847100175746923
1093,21163,Meade County,KY,0.001119977600447991
1094,21165,Menifee County,KY,0.002157497303128371
1095,21167,Mercer County,KY,0.0013222085442027994
1096,21169,Metcalfe County,KY,0.0015887200873796047
1097,21171,Monroe County,KY,0.004507042253521127
1098,21173,Montgomery County,KY,0.002272969421458252
1099,21175,Morgan County,KY,0.0009767826282966413
1100,21177,Muhlenberg County,KY,0.01743844294951342
1101,21179,Nelson County,KY,0.002465771202387905
1102,21181,Nicholas County,KY,0.0016508460586050352
1103,21183,Ohio County,KY,0.00904392764857881
1104,21185,Oldham County,KY,0.0025000374257099656
1105,21187,Owen County,KY,0.0009173470323823503
1106,21189,Owsley County,KY,0.0006795016987542468
1107,21191,Pendleton County,KY,0.0015078821110349554
1108,21193,Perry County,KY,0.003222299868002174
1109,21195,Pike County,KY,0.0020733982998133943
1110,21197,Powell County,KY,0.0008091269520187717
1111,21199,Pulaski County,KY,0.0019236984256452085
1112,21201,Robertson County,KY,0.0004743833017077799
1113,21203,Rockcastle County,KY,0.0019167415393830489
1114,21205,Rowan County,KY,0.0012264922322158627
1115,21207,Russell County,KY,0.003459242314344697
1116,21209,Scott County,KY,0.002210371202020911
1117,21211,Shelby County,KY,0.011524967362924281
1118,21213,Simpson County,KY,0.004684471247038553
1119,21215,Spencer County,KY,0.002480491964239574
1120,21217,Taylor County,KY,0.001979122201094338
1121,21219,Todd County,KY,0.002277533756303888
1122,21221,Trigg County,KY,0.0019111323459149545
1123,21223,Trimble County,KY,0.0017707472553417543
1124,21225,Union County,KY,0.0021556220012516514
1125,21227,Warren County,KY,0.012957500601974476
1126,21229,Washington County,KY,0.0024803637866887144
1127,21231,Wayne County,KY,0.0009836226823390548
1128,21233,Webster County,KY,0.004095193942203678
1129,21235,Whitley County,KY,0.0014063534083388484
1130,21237,Wolfe County,KY,0.0005588933910856504
1131,21239,Woodford County,KY,0.0030298496296850452
1133,22001,Acadia Parish,LA,0.020904182448223063
1134,22003,Allen Parish,LA,0.017325477035938657
1135,22005,Ascension Parish,LA,0.012353480142807495
1136,22007,Assumption Parish,LA,0.0189575624685944
1137,22009,Avoyelles Parish,LA,0.01183240334794739
1138,22011,Beauregard Parish,LA,0.009334080059738112
1139,22013,Bienville Parish,LA,0.019711502152405407
1140,22015,Bossier Parish,LA,0.009870984500822582
1141,22017,Caddo Parish,LA,0.0178015353616093
1142,22019,Calcasieu Parish,LA,0.01504650111091449
1143,22021,Caldwell Parish,LA,0.012502520669489817
1144,22023,Cameron Parish,LA,0.013910798795353506
1145,22025,Catahoula Parish,LA,0.022540551927533178
1146,22027,Claiborne Parish,LA,0.009380982769623484
1147,22029,Concordia Parish,LA,0.007632795056856535
1148,22031,De Soto Parish,LA,0.015402541601427375
1149,22033,East Baton Rouge Parish,LA,0.015881961282464396
1150,22035,East Carroll Parish,LA,0.06617111208278677
1151,22037,East Feliciana Parish,LA,0.018500130650640188
1152,22039,Evangeline Parish,LA,0.009642162000299445
1153,22041,Franklin Parish,LA,0.02767924056957282
1154,22043,Grant Parish,LA,0.005538434052436464
1155,22045,Iberia Parish,LA,0.017585564943434055
1156,22047,Iberville Parish,LA,0.025222232475162254
1157,22049,Jackson Parish,LA,0.01486280487804878
1158,22051,Jefferson Parish,LA,0.025422376778352483
1159,22053,Jefferson Davis Parish,LA,0.01903213465952563
1160,22055,Lafayette Parish,LA,0.015168378411555302
1161,22057,Lafourche Parish,LA,0.015684225623373696
1162,22059,La Salle Parish,LA,0.008058017727639
1163,22061,Lincoln Parish,LA,0.00924222326815284
1164,22063,Livingston Parish,LA,0.01054059621135174
1165,22065,Madison Parish,LA,0.037896082549538856
1166,22067,Morehouse Parish,LA,0.011337139181474632
1167,22069,Natchitoches Parish,LA,0.01050893652707165
1168,22071,Orleans Parish,LA,0.022038016732283464
1169,22073,Ouachita Parish,LA,0.020087552763261764
1170,22075,Plaquemines Parish,LA,0.013191360951847222
1171,22077,Pointe Coupee Parish,LA,0.01707317073170732
1172,22079,Rapides Parish,LA,0.015256695051215598
1173,22081,Red River Parish,LA,0.00923951670220327
1174,22083,Richland Parish,LA,0.013517542987774574
1175,22085,Sabine Parish,LA,0.008122592530564394
1176,22087,St. Bernard Parish,LA,0.014859029718059436
1177,22089,St. Charles Parish,LA,0.016308851224105463
1178,22091,St. Helena Parish,LA,0.011843663639952625
1179,22093,St. James Parish,LA,0.020904436860068258
1180,22095,St. John the Baptist Parish,LA,0.025118472348670543
1181,22097,St. Landry Parish,LA,0.013150845063562417
1182,22099,St. Martin Parish,LA,0.018697011098426006
1183,22101,St. Mary Parish,LA,0.015015806111696523
1184,22103,St. Tammany Parish,LA,0.011907733306709571
1185,22105,Tangipahoa Parish,LA,0.013906410009053266
1186,22107,Tensas Parish,LA,0.007383479464697739
1187,22109,Terrebonne Parish,LA,0.014376114646798418
1188,22111,Union Parish,LA,0.02144020264157771
1189,22113,Vermilion Parish,LA,0.008939523785518643
1190,22115,Vernon Parish,LA,0.005545130616289612
1191,22117,Washington Parish,LA,0.017837814434775077
1192,22119,Webster Parish,LA,0.01377151799687011
1193,22121,West Baton Rouge Parish,LA,0.014018515019837521
1194,22123,West Carroll Parish,LA,0.015604801477377655
1195,22125,West Feliciana Parish,LA,0.016765159301130525
1196,22127,Winn Parish,LA,0.020641542002301495
1198,23001,Androscoggin County,ME,0.004627021435761981
1199,23003,Aroostook County,ME,0.00035791514428454253
1200,23005,Cumberland County,ME,0.006345698179340549
1201,23007,Franklin County,ME,0.0013907745289579124
1202,23009,Hancock County,ME,0.0003273501009329478
1203,23011,Kennebec County,ME,0.0011937662507563245
1204,23013,Knox County,ME,0.0006285829226591572
1205,23015,Lincoln County,ME,0.0007507073973552
1206,23017,Oxford County,ME,0.0007761966364812419
1207,23019,Penobscot County,ME,0.0008149959250203749
1208,23021,Piscataquis County,ME,0.00017873100983020553
1209,23023,Sagadahoc County,ME,0.0009482373940205266
1210,23025,Somerset County,ME,0.0006140559385151731
1211,23027,Waldo County,ME,0.0014855847916404382
1212,23029,Washington County,ME,0.00015934223525287613
1213,23031,York County,ME,0.002754754600488343
1215,24001,Allegany County,MD,0.003067484662576687
1216,24003,Anne Arundel County,MD,0.009445232841994772
1217,24005,Baltimore County,MD,0.010485030880984323
1218,24009,Calvert County,MD,0.004809510942988381
1219,24011,Caroline County,MD,0.009998203915464288
1220,24013,Carroll County,MD,0.0071832683277232605
1221,24015,Cecil County,MD,0.005113995430460357
1222,24017,Charles County,MD,0.009200218061093859
1223,24019,Dorchester County,MD,0.006545773434808481
1224,24021,Frederick County,MD,0.009963513352109637
1225,24023,Garrett County,MD,0.0007582546356931137
1226,24025,Harford County,MD,0.0049404754914050605
1227,24027,Howard County,MD,0.008575639411710523
1228,24029,Kent County,MD,0.01050355267222737
1229,24031,Montgomery County,MD,0.01486930468416885
1230,24033,Prince George's County,MD,0.02155220289290871
1231,24035,Queen Anne's County,MD,0.005696591969194736
1232,24037,St. Mary's County,MD,0.006069949784159986
1233,24039,Somerset County,MD,0.003825733916302311
1234,24041,Talbot County,MD,0.0049487641537344345
1235,24043,Washington County,MD,0.004766665121914081
1236,24045,Wicomico County,MD,0.010906388441158587
1237,24047,Worcester County,MD,0.006044838931823399
1238,24510,Baltimore City,MD,0.014097962897437194
1240,25001,Barnstable County,MA,0.0073900183107188135
1241,25003,Berkshire County,MA,0.004890190805480856
1242,25005,Bristol County,MA,0.014935856494054496
1243,25007,Dukes County,MA,0.003288714516501269
1244,25009,Essex County,MA,0.020850812512515304
1245,25011,Franklin County,MA,0.005471644343117698
1246,25013,Hampden County,MA,0.014953727925347148
1247,25015,Hampshire County,MA,0.006223963190946963
1248,25017,Middlesex County,MA,0.015161639983644589
1249,25019,Nantucket County,MA,0.0019299938591104482
1250,25021,Norfolk County,MA,0.013356442998125287
1251,25023,Plymouth County,MA,0.01688788607871804
1252,25025,Suffolk County,MA,0.025216847222377714
1253,25027,Worcester County,MA,0.015204268608344108
1255,26001,Alcona County,MI,0.0023065833733781835
1256,26003,Alger County,MI,0.0004391743522178305
1257,26005,Allegan County,MI,0.0031419110610513123
1258,26007,Alpena County,MI,0.004330223552191516
1259,26009,Antrim County,MI,0.0010289830217801406
1260,26011,Arenac County,MI,0.0025532486729825978
1261,26013,Baraga County,MI,0.0006090875867949811
1262,26015,Barry County,MI,0.0021283509341998375
1263,26017,Bay County,MI,0.004140565909663906
1264,26019,Benzie County,MI,0.0007880220646178094
1265,26021,Berrien County,MI,0.006518862328146492
1266,26023,Branch County,MI,0.006135533239883264
1267,26025,Calhoun County,MI,0.004524482144321291
1268,26027,Cass County,MI,0.0035916349663042847
1269,26029,Charlevoix County,MI,0.0011857858700225683
1270,26031,Cheboygan County,MI,0.0011077702168064568
1271,26033,Chippewa County,MI,0.0004819406142065383
1272,26035,Clare County,MI,0.0010339256865912762
1273,26037,Clinton County,MI,0.0036434449400087944
1274,26039,Crawford County,MI,0.005845035284054459
1275,26041,Delta County,MI,0.0008383635144198525
1276,26043,Dickinson County,MI,0.0006735607591425968
1277,26045,Eaton County,MI,0.0032284978416222297
1278,26047,Emmet County,MI,0.0011671405057608858
1279,26049,Genesee County,MI,0.007123970892997514
1280,26051,Gladwin County,MI,0.0010609454202522692
1281,26053,Gogebic County,MI,0.0008586762075134168
1282,26055,Grand Traverse County,MI,0.0009668270883465108
1283,26057,Gratiot County,MI,0.002579155510795608
1284,26059,Hillsdale County,MI,0.0044951211489968204
1285,26061,Houghton County,MI,0.0007566416321040242
1286,26063,Huron County,MI,0.002453116426196701
1287,26065,Ingham County,MI,0.003977346566075936
1288,26067,Ionia County,MI,0.0032149867845495156
1289,26069,Iosco County,MI,0.0048155370716758865
1290,26071,Iron County,MI,0.0006325682270016266
1291,26073,Isabella County,MI,0.0022612777650561026
1292,26075,Jackson County,MI,0.0034508863794082394
1293,26077,Kalamazoo County,MI,0.004587536688975576
1294,26079,Kalkaska County,MI,0.0023284177846767933
1295,26081,Kent County,MI,0.008805778173543088
1296,26083,Keweenaw County,MI,0.0004725897920604915
1297,26085,Lake County,MI,0.0010124019235636548
1298,26087,Lapeer County,MI,0.003629846930039837
1299,26089,Leelanau County,MI,0.0018381508202748036
1300,26091,Lenawee County,MI,0.0027932677169353283
1301,26093,Livingston County,MI,0.003187583009974218
1302,26095,Luce County,MI,0.00048161823727725157
1303,26097,Mackinac County,MI,0.0008334105009723123
1304,26099,Macomb County,MI,0.008906463822639626
1305,26101,Manistee County,MI,0.0011401579933219318
1306,26103,Marquette County,MI,0.0013043673818198174
1307,26105,Mason County,MI,0.002539116113093604
1308,26107,Mecosta County,MI,0.0008514947184314086
1309,26109,Menominee County,MI,0.0017998244073748903
1310,26111,Midland County,MI,0.0021886574630814374
1311,26113,Missaukee County,MI,0.0023812673634078583
1312,26115,Monroe County,MI,0.0043787375415282395
1313,26117,Montcalm County,MI,0.001956548960681192
1314,26119,Montmorency County,MI,0.0007504288164665523
1315,26121,Muskegon County,MI,0.005266008319601765
1316,26123,Newaygo County,MI,0.003960800326663945
1317,26125,Oakland County,MI,0.010052608811816945
1318,26127,Oceana County,MI,0.014999811085502702
1319,26129,Ogemaw County,MI,0.0021907891603562416
1320,26131,Ontonagon County,MI,0.00017482517482517483
1321,26133,Osceola County,MI,0.0019181585677749361
1322,26135,Oscoda County,MI,0.002790923431622376
1323,26137,Otsego County,MI,0.005067293659802173
1324,26139,Ottawa County,MI,0.004365555289038139
1325,26141,Presque Isle County,MI,0.0010324015247776366
1326,26143,Roscommon County,MI,0.0012906449061159916
1327,26145,Saginaw County,MI,0.007305590981373892
1328,26147,St. Clair County,MI,0.0038082549896938313
1329,26149,St. Joseph County,MI,0.006249589921921134
1330,26151,Sanilac County,MI,0.0013845032790867136
1331,26153,Schoolcraft County,MI,0.0008648381517173215
1332,26155,Shiawassee County,MI,0.004168990928040868
1333,26157,Tuscola County,MI,0.004651162790697674
1334,26159,Van Buren County,MI,0.00356779470644978
1335,26161,Washtenaw County,MI,0.005193130595400992
1336,26163,Wayne County,MI,0.013661128778061249
1337,26165,Wexford County,MI,0.0015759269721388005
1339,27001,Aitkin County,MN,0.0009442276218053632
1340,27003,Anoka County,MN,0.006704564875700785
1341,27005,Becker County,MN,0.001801121343287918
1342,27007,Beltrami County,MN,0.00099601593625498
1343,27009,Benton County,MN,0.005771723446403678
1344,27011,Big Stone County,MN,0.0034061310358645563
1345,27013,Blue Earth County,MN,0.008321877817687316
1346,27015,Brown County,MN,0.0017594369801663468
1347,27017,Carlton County,MN,0.0025089905494689304
1348,27019,Carver County,MN,0.0044628838413154565
1349,27021,Cass County,MN,0.000638033513549817
1350,27023,Chippewa County,MN,0.006779661016949152
1351,27025,Chisago County,MN,0.0018911610314781102
1352,27027,Clay County,MN,0.00952944473856311
1353,27029,Clearwater County,MN,0.0013608528010886822
1354,27031,Cook County,MN,0.00018304960644334616
1355,27033,Cottonwood County,MN,0.012593783494105037
1356,27035,Crow Wing County,MN,0.0017369917761893782
1357,27037,Dakota County,MN,0.0061885082548406726
1358,27039,Dodge County,MN,0.004585841215247922
1359,27041,Douglas County,MN,0.0018352953514590598
1360,27043,Faribault County,MN,0.004467882516663004
1361,27045,Fillmore County,MN,0.0016613661176247212
1362,27047,Freeborn County,MN,0.010303490637693603
1363,27049,Goodhue County,MN,0.0030211480362537764
1364,27051,Grant County,MN,0.004186202277294039
1365,27053,Hennepin County,MN,0.010528951852638913
1366,27055,Houston County,MN,0.0017204301075268817
1367,27057,Hubbard County,MN,0.00046531106044390676
1368,27059,Isanti County,MN,0.001995270469997044
1369,27061,Itasca County,MN,0.0015732328827830712
1370,27063,Jackson County,MN,0.00578915295551493
1371,27065,Kanabec County,MN,0.001040582726326743
1372,27067,Kandiyohi County,MN,0.013657723558415704
1373,27069,Kittson County,MN,0.00046533271288971617
1374,27071,Koochiching County,MN,0.0017172295363480253
1375,27073,Lac Qui Parle County,MN,0.0007549448890231014
1376,27075,Lake County,MN,0.000563856780377784
1377,27077,Lake of the Woods County,MN,0.0
1378,27079,Le Sueur County,MN,0.0043272060096237065
1379,27081,Lincoln County,MN,0.0030147189217946445
1380,27083,Lyon County,MN,0.013072151998115726
1381,27085,McLeod County,MN,0.0027860585629509932
1382,27087,Mahnomen County,MN,0.0018092998009770218
1383,27089,Marshall County,MN,0.001392459297343616
1384,27091,Martin County,MN,0.008890921099425901
1385,27093,Meeker County,MN,0.002669882008440272
1386,27095,Mille Lacs County,MN,0.0014841876926589793
1387,27097,Morrison County,MN,0.0019169711855268675
1388,27099,Mower County,MN,0.02451200639009535
1389,27101,Murray County,MN,0.008908957773980961
1390,27103,Nicollet County,MN,0.005922856976133512
1391,27105,Nobles County,MN,0.07785843081048592
1392,27107,Norman County,MN,0.0032941176470588237
1393,27109,Olmsted County,MN,0.007953605023595484
1394,27111,Otter Tail County,MN,0.0018894903482790317
1395,27113,Pennington County,MN,0.0037538069268361783
1396,27115,Pine County,MN,0.003786470130836066
1397,27117,Pipestone County,MN,0.007560815253122946
1398,27119,Polk County,MN,0.0028057645708455554
1399,27121,Pope County,MN,0.0011556582807360654
1400,27123,Ramsey County,MN,0.009392699896969224
1401,27125,Red Lake County,MN,0.0009864364981504315
1402,27127,Redwood County,MN,0.0015161502966381014
1403,27129,Renville County,MN,0.0025433049216387134
1404,27131,Rice County,MN,0.013124888012900914
1405,27133,Rock County,MN,0.0036500268384326356
1406,27135,Roseau County,MN,0.0016485328058028356
1407,27137,St. Louis County,MN,0.001120208971718491
1408,27139,Scott County,MN,0.005757886895774194
1409,27141,Sherburne County,MN,0.00372282441021
1410,27143,Sibley County,MN,0.003901782711066263
1411,27145,Stearns County,MN,0.015495887009157225
1412,27147,Steele County,MN,0.0066850391552293375
1413,27149,Stevens County,MN,0.0011218765935747067
1414,27151,Swift County,MN,0.003561407295488884
1415,27153,Todd County,MN,0.016299059357768406
1416,27155,Traverse County,MN,0.001841055538508745
1417,27157,Wabasha County,MN,0.0017570629305960143
1418,27159,Wadena County,MN,0.0012425084052039175
1419,27161,Waseca County,MN,0.004137115839243499
1420,27163,Washington County,MN,0.004782045419905502
1421,27165,Watonwan County,MN,0.02450215655685051
1422,27167,Wilkin County,MN,0.003544385371354922
1423,27169,Winona County,MN,0.002792964107439981
1424,27171,Wright County,MN,0.0038156630075807394
1425,27173,Yellow Medicine County,MN,0.003192913791327634
1427,28001,Adams County,MS,0.011435832274459974
1428,28003,Alcorn County,MS,0.002706140232186832
1429,28005,Amite County,MS,0.008945271204358786
1430,28007,Attala County,MS,0.02112908550676791
1431,28009,Benton County,MS,0.005569681559510837
1432,28011,Bolivar County,MS,0.013223194462583257
1433,28013,Calhoun County,MS,0.011419817561451152
1434,28015,Carroll County,MS,0.018196441138031566
1435,28017,Chickasaw County,MS,0.01736537449570251
1436,28019,Choctaw County,MS,0.009135200974421437
1437,28021,Claiborne County,MS,0.03348909657320872
1438,28023,Clarke County,MS,0.014349140981918796
1439,28025,Clay County,MS,0.013356802650652309
1440,28027,Coahoma County,MS,0.01003435183511119
1441,28029,Copiah County,MS,0.02326741492962765
1442,28031,Covington County,MS,0.023341918866709593
1443,28033,DeSoto County,MS,0.010273324501878936
1444,28035,Forrest County,MS,0.01325820793890276
1445,28037,Franklin County,MS,0.007001166861143524
1446,28039,George County,MS,0.0047346938775510205
1447,28041,Greene County,MS,0.008317385543942294
1448,28043,Grenada County,MS,0.028615473552365354
1449,28045,Hancock County,MS,0.0030231776956667787
1450,28047,Harrison County,MS,0.005459438677431757
1451,28049,Hinds County,MS,0.012543133195307109
1452,28051,Holmes County,MS,0.034450323339212226
1453,28053,Humphreys County,MS,0.020213293650793652
1454,28055,Issaquena County,MS,0.007535795026375283
1455,28057,Itawamba County,MS,0.006241983753740915
1456,28059,Jackson County,MS,0.0053962970957477175
1457,28061,Jasper County,MS,0.016907770249649026
1458,28063,Jefferson County,MS,0.018025751072961373
1459,28065,Jefferson Davis County,MS,0.010783608914450037
1460,28067,Jones County,MS,0.01766571705483274
1461,28069,Kemper County,MS,0.018887292137138165
1462,28071,Lafayette County,MS,0.009200466502526889
1463,28073,Lamar County,MS,0.008430292218556115
1464,28075,Lauderdale County,MS,0.012991568296795953
1465,28077,Lawrence County,MS,0.016129032258064516
1466,28079,Leake County,MS,0.02782410251909067
1467,28081,Lee County,MS,0.007163256706774662
1468,28083,Leflore County,MS,0.01884114537132314
1469,28085,Lincoln County,MS,0.015489122478259596
1470,28087,Lowndes County,MS,0.009352333816878573
1471,28089,Madison County,MS,0.013606594399277326
1472,28091,Marion County,MS,0.01330728848736418
1473,28093,Marshall County,MS,0.00784835949453165
1474,28095,Monroe County,MS,0.012935436287302848
1475,28097,Montgomery County,MS,0.017493606138107416
1476,28099,Neshoba County,MS,0.03588845387732674
1477,28101,Newton County,MS,0.01784184984299172
1478,28103,Noxubee County,MS,0.02668714601132764
1479,28105,Oktibbeha County,MS,0.01232177788533285
1480,28107,Panola County,MS,0.013102480112306972
1481,28109,Pearl River County,MS,0.005185918789952283
1482,28111,Perry County,MS,0.00726634928589326
1483,28113,Pike County,MS,0.012701079209936876
1484,28115,Pontotoc County,MS,0.010754024989121652
1485,28117,Prentiss County,MS,0.0047759293162461195
1486,28119,Quitman County,MS,0.014575971731448763
1487,28121,Rankin County,MS,0.007000663356325393
1488,28123,Scott County,MS,0.02912103541459252
1489,28125,Sharkey County,MS,0.0111085396898866
1490,28127,Simpson County,MS,0.014742291244654513
1491,28129,Smith County,MS,0.015456144759989947
1492,28131,Stone County,MS,0.004035776614310645
1493,28133,Sunflower County,MS,0.01899641577060932
1494,28135,Tallahatchie County,MS,0.014121225287855746
1495,28137,Tate County,MS,0.01242893965608559
1496,28139,Tippah County,MS,0.006586418351124233
1497,28141,Tishomingo County,MS,0.005004385286075427
1498,28143,Tunica County,MS,0.012769933554817276
1499,28145,Union County,MS,0.008745445080687142
1500,28147,Walthall County,MS,0.018339633207335854
1501,28149,Warren County,MS,0.013089178290473987
1502,28151,Washington County,MS,0.016443098225876245
1503,28153,Wayne County,MS,0.027845216271119258
1504,28155,Webster County,MS,0.0138301166271029
1505,28157,Wilkinson County,MS,0.011355735805330244
1506,28159,Winston County,MS,0.01642996379838485
1507,28161,Yalobusha County,MS,0.01709613478691774
1508,28163,Yazoo County,MS,0.01862579993263725
1510,29001,Adair County,MO,0.003945862762893107
1511,29003,Andrew County,MO,0.0031052393857271907
1512,29005,Atchison County,MO,0.00116663426015944
1513,29007,Audrain County,MO,0.005593193634788089
1514,29009,Barry County,MO,0.0026823884433764566
1515,29011,Barton County,MO,0.002807554874936192
1516,29013,Bates County,MO,0.0008038585209003215
1517,29015,Benton County,MO,0.0011315126266522656
1518,29017,Bollinger County,MO,0.0017308167806807878
1519,29019,Boone County,MO,0.0031363769858641383
1520,29021,Buchanan County,MO,0.010736687880591548
1521,29023,Butler County,MO,0.0027543669664296814
1522,29025,Caldwell County,MO,0.0016629711751662971
1523,29027,Callaway County,MO,0.0014080414813490377
1524,29029,Camden County,MO,0.0017924630169528129
1525,29031,Cape Girardeau County,MO,0.004158689505648464
1526,29033,Carroll County,MO,0.0029957368360410187
1527,29035,Carter County,MO,0.001170177198261451
1528,29037,Cass County,MO,0.001937984496124031
1529,29039,Cedar County,MO,0.00083629521220991
1530,29041,Chariton County,MO,0.0008079719903043361
1531,29043,Christian County,MO,0.0008239742649133699
1532,29045,Clark County,MO,0.00029424746211563924
1533,29047,Clay County,MO,0.002228463520412246
1534,29049,Clinton County,MO,0.001618678569676755
1535,29051,Cole County,MO,0.0013421069776532674
1536,29053,Cooper County,MO,0.0015811169461855553
1537,29055,Crawford County,MO,0.0008779264214046823
1538,29057,Dade County,MO,0.00026451527575717496
1539,29059,Dallas County,MO,0.001066477070742979
1540,29061,Daviess County,MO,0.0013288233872916163
1541,29063,DeKalb County,MO,0.0012752052283414362
1542,29065,Dent County,MO,0.000321068516021319
1543,29067,Douglas County,MO,0.0009101251422070534
1544,29069,Dunklin County,MO,0.004359616902955614
1545,29071,Franklin County,MO,0.002625833197072148
1546,29073,Gasconade County,MO,0.0008839929280565755
1547,29075,Gentry County,MO,0.010044133313042155
1548,29077,Greene County,MO,0.0014705581296957208
1549,29079,Grundy County,MO,0.002131979695431472
1550,29081,Harrison County,MO,0.003352490421455939
1551,29083,Henry County,MO,0.0011455278592375367
1552,29085,Hickory County,MO,0.00010477787091366304
1553,29087,Holt County,MO,0.0002271178741766977
1554,29089,Howard County,MO,0.0004999500049995
1555,29091,Howell County,MO,0.001221427325074158
1556,29093,Iron County,MO,0.0002962962962962963
1557,29095,Jackson County (including other portions of Kansas City),MO,0.006605871031889971
1558,29097,Jasper County,MO,0.008118488724779112
1559,29099,Jefferson County,MO,0.0025057645914137575
1560,29101,Johnson County,MO,0.004365358292331027
1561,29103,Knox County,MO,0.0005051780752715333
1562,29105,Laclede County,MO,0.0023794194216611147
1563,29107,Lafayette County,MO,0.0031185031185031187
1564,29109,Lawrence County,MO,0.0015121887628731586
1565,29111,Lewis County,MO,0.0008183306055646482
1566,29113,Lincoln County,MO,0.0018978869062748886
1567,29115,Linn County,MO,0.0016778523489932886
1568,29117,Livingston County,MO,0.0016418204505155316
1569,29119,McDonald County,MO,0.03087095502911941
1570,29121,Macon County,MO,0.0015876165905933718
1571,29123,Madison County,MO,0.0005790866975512905
1572,29125,Maries County,MO,0.0006898930665746809
1573,29127,Marion County,MO,0.0010865755345250614
1574,29129,Mercer County,MO,0.0019353055017970694
1575,29131,Miller County,MO,0.0009368047152504001
1576,29133,Mississippi County,MO,0.007435508345978756
1577,29135,Moniteau County,MO,0.00402925861641458
1578,29137,Monroe County,MO,0.0005784359093012494
1579,29139,Montgomery County,MO,0.0019045970045883473
1580,29141,Morgan County,MO,0.0013089639792504969
1581,29143,New Madrid County,MO,0.0029866479269149682
1582,29145,Newton County,MO,0.009444329967717564
1583,29147,Nodaway County,MO,0.0011768966141589715
1584,29149,Oregon County,MO,0.0008547820305822015
1585,29151,Osage County,MO,0.0009548292324641939
1586,29153,Ozark County,MO,0.00021800741225201656
1587,29155,Pemiscot County,MO,0.007339449541284404
1588,29157,Perry County,MO,0.008883779264214046
1589,29159,Pettis County,MO,0.0034011195351803304
1590,29161,Phelps County,MO,0.0011666255356381665
1591,29163,Pike County,MO,0.0021855534914217026
1592,29165,Platte County,MO,0.0014556877166772013
1593,29167,Polk County,MO,0.0006221033313633395
1594,29169,Pulaski County,MO,0.002661242800387781
1595,29171,Putnam County,MO,0.0006388415672913117
1596,29173,Ralls County,MO,0.0009700261907071491
1597,29175,Randolph County,MO,0.0006869241958946178
1598,29177,Ray County,MO,0.001303327830393605
1599,29179,Reynolds County,MO,0.0009569377990430622
1600,29181,Ripley County,MO,0.0015051173991571343
1601,29183,St. Charles County,MO,0.003270965270557333
1602,29185,St. Clair County,MO,0.0005320847078854954
1603,29186,Ste. Genevieve County,MO,0.0013412316977757907
1604,29187,St. Francois County,MO,0.002454809194376255
1605,29189,St. Louis County,MO,0.0074692845036989355
1606,29195,Saline County,MO,0.013575853433504679
1607,29197,Schuyler County,MO,0.001072961373390558
1608,29199,Scotland County,MO,0.002243982048143615
1609,29201,Scott County,MO,0.005381400208986416
1610,29203,Shannon County,MO,0.0033063923585598823
1611,29205,Shelby County,MO,0.0006745362563237774
1612,29207,Stoddard County,MO,0.005271317829457364
1613,29209,Stone County,MO,0.0006885327991987982
1614,29211,Sullivan County,MO,0.019214977828871736
1615,29213,Taney County,MO,0.002199256186525533
1616,29215,Texas County,MO,0.0004331049688951886
1617,29217,Vernon County,MO,0.0015561931624762924
1618,29219,Warren County,MO,0.0015989228309349491
1619,29221,Washington County,MO,0.0010513546300040437
1620,29223,Wayne County,MO,0.00038840985007379785
1621,29225,Webster County,MO,0.001288139017983431
1622,29227,Worth County,MO,0.001987083954297069
1623,29229,Wright County,MO,0.001968396303789163
1624,29510,City of St. Louis,MO,0.009242254870648356
1626,30001,Beaverhead County,MT,0.00031735956839098697
1627,30003,Big Horn County,MT,0.008934604700052556
1628,30005,Blaine County,MT,0.0
1629,30007,Broadwater County,MT,0.001122334455667789
1630,30009,Carbon County,MT,0.0029836829836829837
1631,30011,Carter County,MT,0.0
1632,30013,Cascade County,MT,0.0005776368507730502
1633,30015,Chouteau County,MT,0.0
1634,30017,Custer County,MT,0.00333274864058937
1635,30019,Daniels County,MT,0.0
1636,30021,Dawson County,MT,0.0009288285150354116
1637,30023,Deer Lodge County,MT,0.0006564551422319475
1638,30025,Fallon County,MT,0.0
1639,30027,Fergus County,MT,0.00018099547511312217
1640,30029,Flathead County,MT,0.0006454347532897905
1641,30031,Gallatin County,MT,0.003556635265742699
1642,30033,Garfield County,MT,0.0
1643,30035,Glacier County,MT,0.002035919435759471
1644,30037,Golden Valley County,MT,0.0036540803897685747
1645,30039,Granite County,MT,0.0017756732761171944
1646,30041,Hill County,MT,0.0007886435331230284
1647,30043,Jefferson County,MT,0.000572784551182391
1648,30045,Judith Basin County,MT,0.0
1649,30047,Lake County,MT,0.0016087727362269354
1650,30049,Lewis and Clark County,MT,0.0006625187233552253
1651,30051,Liberty County,MT,0.0004278990158322636
1652,30053,Lincoln County,MT,0.0006506506506506507
1653,30055,McCone County,MT,0.0
1654,30057,Madison County,MT,0.0034883720930232558
1655,30059,Meagher County,MT,0.0021482277121374865
1656,30061,Mineral County,MT,0.0
1657,30063,Missoula County,MT,0.0010451505016722408
1658,30065,Musselshell County,MT,0.0002158428663932657
1659,30067,Park County,MT,0.001023726363964832
1660,30069,Petroleum County,MT,0.0
1661,30071,Phillips County,MT,0.0
1662,30073,Pondera County,MT,0.0003383522246658772
1663,30075,Powder River County,MT,0.0
1664,30077,Powell County,MT,0.0
1665,30079,Prairie County,MT,0.0
1666,30081,Ravalli County,MT,0.0010272565401999727
1667,30083,Richland County,MT,0.002591872627973711
1668,30085,Roosevelt County,MT,0.0007270083605961468
1669,30087,Rosebud County,MT,0.001342732460557234
1670,30089,Sanders County,MT,0.0
1671,30091,Sheridan County,MT,0.0003022061045633122
1672,30093,Silver Bow County,MT,0.0006873836459974223
1673,30095,Stillwater County,MT,0.0009334163036714375
1674,30097,Sweet Grass County,MT,0.0
1675,30099,Teton County,MT,0.002277533756303888
1676,30101,Toole County,MT,0.006545608108108108
1677,30103,Treasure County,MT,0.0028735632183908046
1678,30105,Valley County,MT,0.0005408328826392645
1679,30107,Wheatland County,MT,0.0009407337723424271
1680,30109,Wibaux County,MT,0.0
1681,30111,Yellowstone County,MT,0.002709237445753255
1683,31001,Adams County,NE,0.009948027931001498
1684,31003,Antelope County,NE,0.001905366783105748
1685,31005,Arthur County,NE,0.0
1686,31007,Banner County,NE,0.0026845637583892616
1687,31009,Blaine County,NE,0.0
1688,31011,Boone County,NE,0.0013482280431432975
1689,31013,Box Butte County,NE,0.00037095427988500417
1690,31015,Boyd County,NE,0.0005211047420531526
1691,31017,Brown County,NE,0.0
1692,31019,Buffalo County,NE,0.0041482913469864475
1693,31021,Burt County,NE,0.0021675181916705373
1694,31023,Butler County,NE,0.006362275449101796
1695,31025,Cass County,NE,0.0032002438281011885
1696,31027,Cedar County,NE,0.0022613663413472984
1697,31029,Chase County,NE,0.00025484199796126404
1698,31031,Cherry County,NE,0.0005273334505185445
1699,31033,Cheyenne County,NE,0.002244668911335578
1700,31035,Clay County,NE,0.004675157182008705
1701,31037,Colfax County,NE,0.06331123354188066
1702,31039,Cuming County,NE,0.004295726882206647
1703,31041,Custer County,NE,0.0037116080541894775
1704,31043,Dakota County,NE,0.08918406072106262
1705,31045,Dawes County,NE,0.0004657119571544999
1706,31047,Dawson County,NE,0.036872218690400506
1707,31049,Deuel County,NE,0.0
1708,31051,Dixon County,NE,0.009226401703335699
1709,31053,Dodge County,NE,0.019390127170791742
1710,31055,Douglas County,NE,0.01392197463099066
1711,31057,Dundy County,NE,0.0
1712,31059,Fillmore County,NE,0.0032954961552544857
1713,31061,Franklin County,NE,0.002685464921114468
1714,31063,Frontier County,NE,0.0007613247049866769
1715,31065,Furnas County,NE,0.00213857998289136
1716,31067,Gage County,NE,0.0028819783386789385
1717,31069,Garden County,NE,0.002177463255307567
1718,31071,Garfield County,NE,0.001015744032503809
1719,31073,Gosper County,NE,0.006532663316582915
1720,31075,Grant County,NE,0.0
1721,31077,Greeley County,NE,0.0021222410865874364
1722,31079,Hall County,NE,0.02632308118592408
1723,31081,Hamilton County,NE,0.0074002574002574005
1724,31083,Harlan County,NE,0.0002958579881656805
1725,31085,Hayes County,NE,0.0
1726,31087,Hitchcock County,NE,0.0003620564808110065
1727,31089,Holt County,NE,0.0003973378364954803
1728,31091,Hooker County,NE,0.002932551319648094
1729,31093,Howard County,NE,0.007292474786656323
1730,31095,Jefferson County,NE,0.0015611694578484246
1731,31097,Johnson County,NE,0.0013803983435219877
1732,31099,Kearney County,NE,0.002771362586605081
1733,31101,Keith County,NE,0.0004978839930296241
1734,31103,Keya Paha County,NE,0.0
1735,31105,Kimball County,NE,0.0030286343612334803
1736,31107,Knox County,NE,0.00300048007681229
1737,31109,Lancaster County,NE,0.006506001441599549
1738,31111,Lincoln County,NE,0.001890359168241966
1739,31113,Logan County,NE,0.0
1740,31115,Loup County,NE,0.0
1741,31117,McPherson County,NE,0.006072874493927126
1742,31119,Madison County,NE,0.010883500954443147
1743,31121,Merrick County,NE,0.005029013539651838
1744,31123,Morrill County,NE,0.01120206807410599
1745,31125,Nance County,NE,0.0017050298380221654
1746,31127,Nemaha County,NE,0.000717154331612163
1747,31129,Nuckolls County,NE,0.00024108003857280618
1748,31131,Otoe County,NE,0.0016862353235073695
1749,31133,Pawnee County,NE,0.0003827018752391887
1750,31135,Perkins County,NE,0.0
1751,31137,Phelps County,NE,0.0029887093203453618
1752,31139,Pierce County,NE,0.0013989927252378287
1753,31141,Platte County,NE,0.020555721541679117
1754,31143,Polk County,NE,0.0024937655860349127
1755,31145,Red Willow County,NE,0.0007459903021260724
1756,31147,Richardson County,NE,0.00101716465352829
1757,31149,Rock County,NE,0.0014738393515106854
1758,31151,Saline County,NE,0.038385826771653545
1759,31153,Sarpy County,NE,0.007131562640227356
1760,31155,Saunders County,NE,0.004124571322643433
1761,31157,Scotts Bluff County,NE,0.006766241787860071
1762,31159,Seward County,NE,0.0027192779449201573
1763,31161,Sheridan County,NE,0.0015249714067861228
1764,31163,Sherman County,NE,0.0016661112962345886
1765,31165,Sioux County,NE,0.004288164665523156
1766,31167,Stanton County,NE,0.0035472972972972975
1767,31169,Thayer County,NE,0.001798920647611433
1768,31171,Thomas County,NE,0.0013850415512465374
1769,31173,Thurston County,NE,0.02339424141749723
1770,31175,Valley County,NE,0.001924001924001924
1771,31177,Washington County,NE,0.0027980124463312266
1772,31179,Wayne County,NE,0.003303143313798615
1773,31181,Webster County,NE,0.002007456266131345
1774,31183,Wheeler County,NE,0.0
1775,31185,York County,NE,0.0037283427151107535
1777,32001,Churchill County,NV,0.0009635071660845478
1778,32003,Clark County,NV,0.009831849173804382
1779,32005,Douglas County,NV,0.001717615785706983
1780,32007,Elko County,NV,0.0045473492743188446
1781,32009,Esmeralda County,NV,0.0
1782,32011,Eureka County,NV,0.0004928536224741252
1783,32013,Humboldt County,NV,0.005050204978907968
1784,32015,Lander County,NV,0.00777295733911786
1785,32017,Lincoln County,NV,0.00038587690526721975
1786,32019,Lyon County,NV,0.002434359241870979
1787,32021,Mineral County,NV,0.0013318534961154272
1788,32023,Nye County,NV,0.003998022483502783
1789,32027,Pershing County,NV,0.0017843866171003717
1790,32029,Storey County,NV,0.00048508367693427115
1791,32031,Washoe County,NV,0.007437664229861363
1792,32033,White Pine County,NV,0.0007306889352818372
1793,32510,Carson City,NV,0.0037198655125545463
1795,33001,Belknap County,NH,0.0014681173841410698
1796,33003,Carroll County,NH,0.0013494172970762626
1797,33005,Cheshire County,NH,0.0009857396333048565
1798,33007,Coos County,NH,0.0003485093305452587
1799,33009,Grafton County,NH,0.0010123934761809403
1800,33011,Hillsborough County,NH,0.008176967807685391
1801,33013,Merrimack County,NH,0.00280730030186735
1802,33015,Rockingham County,NH,0.00490688222514196
1803,33017,Strafford County,NH,0.0022888550366293356
1804,33019,Sullivan County,NH,0.0008111991841653919
1806,34001,Atlantic County,NJ,0.011381651306557439
1807,34003,Bergen County,NJ,0.021290449923943522
1808,34005,Burlington County,NJ,0.01203550473897999
1809,34007,Camden County,NJ,0.015144006270842753
1810,34009,Cape May County,NJ,0.007953150294983648
1811,34011,Cumberland County,NJ,0.020370902913855023
1812,34013,Essex County,NJ,0.023765449482149002
1813,34015,Gloucester County,NJ,0.009391844628235198
1814,34017,Hudson County,NJ,0.028389731569875266
1815,34019,Hunterdon County,NJ,0.008796262794381327
1816,34021,Mercer County,NJ,0.021168657975668834
1817,34023,Middlesex County,NJ,0.02062875274827831
1818,34025,Monmouth County,NJ,0.015250608036587237
1819,34027,Morris County,NJ,0.01400237879819862
1820,34029,Ocean County,NJ,0.01614661734624975
1821,34031,Passaic County,NJ,0.03397591994037774
1822,34033,Salem County,NJ,0.013031978841067564
1823,34035,Somerset County,NJ,0.015194537506004245
1824,34037,Sussex County,NJ,0.008719605944991743
1825,34039,Union County,NJ,0.02929318529463045
1826,34041,Warren County,NJ,0.011998062070734419
1828,35001,Bernalillo County,NM,0.004367410225865493
1829,35003,Catron County,NM,0.0008505812305075135
1831,35006,Cibola County,NM,0.009259606373008435
1832,35007,Colfax County,NM,0.0007537057197889624
1833,35009,Curry County,NM,0.005045552968092495
1834,35011,De Baca County,NM,0.0
1835,35013,Dona Ana County,NM,0.006315451774788606
1836,35015,Eddy County,NM,0.0023605884365378036
1837,35017,Grant County,NM,0.0011852729831839394
1838,35019,Guadalupe County,NM,0.004651162790697674
1839,35021,Harding County,NM,0.0016
1840,35023,Hidalgo County,NM,0.01715102429728442
1841,35025,Lea County,NM,0.003785000703531729
1842,35027,Lincoln County,NM,0.0011240547721234416
1843,35028,Los Alamos County,NM,0.0005679178068046879
1844,35029,Luna County,NM,0.005145725252014003
1845,35031,McKinley County,NM,0.05063965137948912
1846,35033,Mora County,NM,0.00044238000442380006
1847,35035,Otero County,NM,0.0010816417246999556
1848,35037,Quay County,NM,0.0016963528413910093
1849,35039,Rio Arriba County,NM,0.0035199506693044886
1850,35041,Roosevelt County,NM,0.004216216216216216
1851,35043,Sandoval County,NM,0.005594624798975114
1852,35045,San Juan County,NM,0.021676696945739687
1853,35047,San Miguel County,NM,0.0009165230780511053
1854,35049,Santa Fe County,NM,0.0021814602482076112
1855,35051,Sierra County,NM,0.001297377444166435
1856,35053,Socorro County,NM,0.003786740397908277
1857,35055,Taos County,NM,0.0015890963542462488
1858,35057,Torrance County,NM,0.0030399068624280445
1859,35059,Union County,NM,0.001970928800197093
1860,35061,Valencia County,NM,0.002321093261005633
1862,1,New York City Unallocated/Probable,NY,0.0
1863,36001,Albany County,NY,0.04790523095615196
1864,36003,Allegany County,NY,4.6537635197118616e-05
1865,36005,Bronx County,NY,0.25338604006551596
1866,36007,Broome County,NY,0.010602099399608498
1867,36009,Cattaraugus County,NY,0.0018021312160468033
1868,36011,Cayuga County,NY,0.0009928843289756743
1869,36013,Chautauqua County,NY,0.0020370015337423312
1870,36015,Chemung County,NY,0.003135128264875972
1871,36017,Chenango County,NY,0.002062496117288936
1872,36019,Clinton County,NY,0.0018163165772523166
1873,36021,Columbia County,NY,0.010193144322313528
1874,36023,Cortland County,NY,0.0013141497677580153
1875,36025,Delaware County,NY,0.00030929446872727026
1876,36027,Dutchess County,NY,0.004646773382446103
1877,36029,Erie County,NY,0.20905517147892097
1878,36031,Essex County,NY,0.0010195513973851504
1879,36033,Franklin County,NY,0.0006556394357754341
1880,36035,Fulton County,NY,0.004626396648044693
1881,36037,Genesee County,NY,0.005234381622446385
1882,36039,Greene County,NY,0.060009057971014496
1883,36041,Hamilton County,NY,9.784895383160195e-05
1884,36043,Herkimer County,NY,0.0017116739807345631
1885,36045,Jefferson County,NY,3.711078115069204e-05
1886,36047,Kings County,NY,2.306320352905385
1887,36049,Lewis County,NY,0.0004927361159678291
1888,36051,Livingston County,NY,0.0020439520164643858
1889,36053,Madison County,NY,0.0005041994149129784
1890,36055,Monroe County,NY,0.08437455557587209
1891,36057,Montgomery County,NY,9.580492348871418e-05
1892,36059,Nassau County,NY,0.025951276657665657
1893,36061,New York County,NY,0.13935808792962573
1894,36063,Niagara County,NY,0.005833708690651635
1895,36065,Oneida County,NY,0.003947642705763819
1896,36067,Onondaga County,NY,0.028239066471118724
1897,36069,Ontario County,NY,0.0007689510053514834
1898,36071,Orange County,NY,0.2683881839809675
1899,36073,Orleans County,NY,0.002450394453741334
1900,36075,Oswego County,NY,0.0036811053401240483
1901,36077,Otsego County,NY,0.0008950366151342555
1902,36079,Putnam County,NY,0.0006038534814526913
1903,36081,Queens County,NY,0.4178774399233842
1904,36083,Rensselaer County,NY,0.0012454241687896283
1905,36085,Richmond County,NY,0.04391799600354831
1906,36087,Rockland County,NY,0.12715797289771671
1907,36089,St. Lawrence County,NY,0.0010005960071868896
1908,36091,Saratoga County,NY,0.0038313189395939445
1909,36093,Schenectady County,NY,0.027613793993354625
1910,36095,Schoharie County,NY,0.003481776829336778
1911,36097,Schuyler County,NY,0.0004409689557855127
1912,36099,Seneca County,NY,0.0007758521267784313
1913,36101,Steuben County,NY,0.00018556129922707624
1914,36103,Suffolk County,NY,0.5566205324000424
1915,36105,Sullivan County,NY,0.03037155363774039
1916,36107,Tioga County,NY,0.0015658641612840086
1917,36109,Tompkins County,NY,0.0010305620786943961
1918,36111,Ulster County,NY,0.02900975853872138
1919,36113,Warren County,NY,0.004476831579635318
1920,36115,Washington County,NY,0.0027691897061767386
1921,36117,Wayne County,NY,0.0002098178202512439
1922,36119,Westchester County,NY,0.8846182794350084
1923,36121,Wyoming County,NY,0.004054108296873119
1924,36123,Yates County,NY,0.00028317080508999523
1926,37001,Alamance County,NC,0.03736298903912313
1927,37003,Alexander County,NC,0.014007362844572147
1928,37005,Alleghany County,NC,0.0016771659985273665
1929,37007,Anson County,NC,0.006947763114362387
1930,37009,Ashe County,NC,0.003531355015093695
1931,37011,Avery County,NC,0.0005532621185683279
1932,37013,Beaufort County,NC,0.0073362537604897875
1933,37015,Bertie County,NC,0.004736874274188619
1934,37017,Bladen County,NC,0.0030107828035289175
1935,37019,Brunswick County,NC,0.0028829477279079295
1936,37021,Buncombe County,NC,0.009338564402939713
1937,37023,Burke County,NC,0.005479249536850956
1938,37025,Cabarrus County,NC,0.01922655698605466
1939,37027,Caldwell County,NC,0.05530505199227018
1940,37029,Camden County,NC,0.000503792840384034
1941,37031,Carteret County,NC,0.005353034861086533
1942,37033,Caswell County,NC,0.0009338706745805417
1943,37035,Catawba County,NC,0.015335034241976634
1944,37037,Chatham County,NC,0.03638333566335803
1945,37039,Cherokee County,NC,0.004374955174639604
1946,37041,Chowan County,NC,0.0031163743210755944
1947,37043,Clay County,NC,0.00011230563467997999
1948,37045,Cleveland County,NC,0.008971679757872738
1949,37047,Columbus County,NC,0.005942881759171325
1950,37049,Craven County,NC,0.0013203818675504978
1951,37051,Cumberland County,NC,0.05611785469869971
1952,37053,Currituck County,NC,0.0006484909076170661
1953,37055,Dare County,NC,0.0006085592062478745
1954,37057,Davidson County,NC,0.028660785137469075
1955,37059,Davie County,NC,0.004204899473961968
1956,37061,Duplin County,NC,0.005185263524610561
1957,37063,Durham County,NC,0.085969070562636
1958,37065,Edgecombe County,NC,0.0009861494395689192
1959,37067,Forsyth County,NC,0.051976752529238716
1960,37069,Franklin County,NC,0.002128900943753368
1961,37071,Gaston County,NC,0.15066597474485383
1962,37073,Gates County,NC,0.003435611894325317
1963,37075,Graham County,NC,0.00016544513012259484
1964,37077,Granville County,NC,0.044188143718259056
1965,37079,Greene County,NC,0.0003760420273505419
1966,37081,Guilford County,NC,0.06988602279544091
1967,37083,Halifax County,NC,0.0030005295052068013
1968,37085,Harnett County,NC,0.012372225877368937
1969,37087,Haywood County,NC,0.0010475484810547025
1970,37089,Henderson County,NC,0.03678675507876843
1971,37091,Hertford County,NC,0.0032407575044356737
1972,37093,Hoke County,NC,0.09195867935993518
1973,37095,Hyde County,NC,0.00017051142426542578
1974,37097,Iredell County,NC,0.024875961582229506
1975,37099,Jackson County,NC,0.0009028418020531291
1976,37101,Johnston County,NC,0.2102133984499416
1977,37103,Jones County,NC,0.0006312824746273005
1978,37105,Lee County,NC,0.016407799960678475
1979,37107,Lenoir County,NC,0.004900651484711594
1980,37109,Lincoln County,NC,0.008523472331497509
1981,37111,McDowell County,NC,0.008812538345696916
1982,37113,Macon County,NC,0.014801195127556883
1983,37115,Madison County,NC,0.0007575757575757576
1984,37117,Martin County,NC,0.00014860098923228225
1985,37119,Mecklenburg County,NC,0.9761427425821972
1986,37121,Mitchell County,NC,0.0020240680086850917
1987,37123,Montgomery County,NC,0.003885804916732752
1988,37125,Moore County,NC,0.006553691488684807
1989,37127,Nash County,NC,0.0025674597928119656
1990,37129,New Hanover County,NC,0.07380793512292769
1991,37131,Northampton County,NC,0.0009750527943093292
1992,37133,Onslow County,NC,0.0026873029984643983
1993,37135,Orange County,NC,0.07331447430457332
1994,37137,Pamlico County,NC,0.0008537565287263961
1995,37139,Pasquotank County,NC,0.003837614969869965
1996,37141,Pender County,NC,0.02622001039887098
1997,37143,Perquimans County,NC,0.000962268928842745
1998,37145,Person County,NC,0.0007081917871883679
1999,37147,Pitt County,NC,0.0440552016985138
2000,37149,Polk County,NC,0.0006612513660061113
2001,37151,Randolph County,NC,0.03218898480894064
2002,37153,Richmond County,NC,0.002725358851674641
2003,37155,Robeson County,NC,0.017800241731677838
2004,37157,Rockingham County,NC,0.002055064467090817
2005,37159,Rowan County,NC,0.022288860045651882
2006,37161,Rutherford County,NC,0.005997072295414837
2007,37163,Sampson County,NC,0.03402923355253712
2008,37165,Scotland County,NC,0.002627137534630449
2009,37167,Stanly County,NC,0.012129586979886382
2010,37169,Stokes County,NC,0.002284663499714417
2011,37171,Surry County,NC,0.04022142807091304
2012,37173,Swain County,NC,0.0020357714119528863
2013,37175,Transylvania County,NC,0.010707171314741035
2014,37177,Tyrrell County,NC,0.00015842640884853186
2015,37179,Union County,NC,0.03992365555181318
2016,37181,Vance County,NC,0.0005064038044147978
2017,37183,Wake County,NC,0.36511073944554256
2018,37185,Warren County,NC,0.01606217616580311
2019,37187,Washington County,NC,0.0008188404507182655
2020,37189,Watauga County,NC,0.000942086070932584
2021,37191,Wayne County,NC,0.028942290826170846
2022,37193,Wilkes County,NC,0.007542695077077297
2023,37195,Wilson County,NC,0.024079432925372343
2024,37197,Yadkin County,NC,0.02080912059328131
2025,37199,Yancey County,NC,0.024819494584837544
2027,38001,Adams County,ND,0.0
2028,38003,Barnes County,ND,0.00351288056206089
2029,38005,Benson County,ND,0.015086206896551725
2030,38007,Billings County,ND,0.0001591849729385546
2031,38009,Bottineau County,ND,0.0016534391534391533
2032,38011,Bowman County,ND,0.00047281323877068556
2033,38013,Burke County,ND,7.32018488695543e-05
2034,38015,Burleigh County,ND,0.002336153207675775
2035,38017,Cass County,ND,0.6491228070175439
2036,38019,Cavalier County,ND,0.0028735632183908046
2037,38021,Dickey County,ND,0.002208480565371025
2038,38023,Divide County,ND,0.0002260397830018083
2039,38025,Dunn County,ND,0.010056843025797988
2040,38027,Eddy County,ND,0.0015427337241592102
2041,38029,Emmons County,ND,0.0012461059190031153
2042,38031,Foster County,ND,0.0017035775127768314
2043,38033,Golden Valley County,ND,0.0
2044,38035,Grand Forks County,ND,0.18953386103781883
2045,38037,Grant County,ND,0.001344688480502017
2046,38039,Griggs County,ND,0.0008003201280512205
2047,38041,Hettinger County,ND,0.0004032258064516129
2048,38043,Kidder County,ND,0.0004943153732081067
2049,38045,LaMoure County,ND,0.007027027027027027
2050,38047,Logan County,ND,0.0
2051,38049,McHenry County,ND,0.003604325190228274
2052,38051,McIntosh County,ND,0.00039936102236421724
2053,38053,McKenzie County,ND,0.003492063492063492
2054,38055,McLean County,ND,0.0013435935018932454
2055,38057,Mercer County,ND,0.00028695319474556814
2056,38059,Morton County,ND,0.011948790896159318
2057,38061,Mountrail County,ND,0.021187912469607502
2058,38063,Nelson County,ND,0.0010209290454313426
2059,38065,Oliver County,ND,0.00029407440082340834
2060,38067,Pembina County,ND,0.003522012578616352
2061,38069,Pierce County,ND,0.0006945047313134821
2062,38071,Ramsey County,ND,0.003641241855116903
2063,38073,Ransom County,ND,0.009024495058014611
2064,38075,Renville County,ND,0.00030908079371947826
2065,38077,Richland County,ND,0.0033154627539503387
2066,38079,Rolette County,ND,0.0030785017957927143
2067,38081,Sargent County,ND,0.00532319391634981
2068,38083,Sheridan County,ND,0.00047281323877068556
2069,38085,Sioux County,ND,0.048
2070,38087,Slope County,ND,9.527136460351234e-05
2071,38089,Stark County,ND,0.04867724867724868
2072,38091,Steele County,ND,0.00019319938176197836
2073,38093,Stutsman County,ND,0.03015075376884422
2074,38095,Towner County,ND,0.00037332005973120957
2075,38097,Traill County,ND,0.002537355511700028
2076,38099,Walsh County,ND,0.0006800609098032258
2077,38101,Ward County,ND,0.018518518518518517
2078,38103,Wells County,ND,0.0002660352762776344
2079,38105,Williams County,ND,0.002346739836811322
2081,39001,Adams County,OH,0.00025402780627448683
2082,39003,Allen County,OH,0.006656196245606163
2083,39005,Ashland County,OH,0.0006890097798253823
2084,39007,Ashtabula County,OH,0.006842500038269016
2085,39009,Athens County,OH,0.003044506746101279
2086,39011,Auglaize County,OH,0.0016267199952243083
2087,39013,Belmont County,OH,0.01310093939952109
2088,39015,Brown County,OH,0.00015921322565995186
2089,39017,Butler County,OH,0.06765995392732407
2090,39019,Carroll County,OH,0.001723029445801723
2091,39021,Champaign County,OH,0.0003803614179277015
2092,39023,Clark County,OH,0.003875443253822156
2093,39025,Clermont County,OH,0.011270491803278689
2094,39027,Clinton County,OH,0.0007950295927681753
2095,39029,Columbiana County,OH,0.03765027322404372
2096,39031,Coshocton County,OH,0.0034221815202197907
2097,39033,Crawford County,OH,0.0001117343766193388
2098,39035,Cuyahoga County,OH,0.1756695948193219
2099,39037,Darke County,OH,0.006721453514322472
2100,39039,Defiance County,OH,0.0002533739369051091
2101,39041,Delaware County,OH,0.009398648102765734
2102,39043,Erie County,OH,0.0017198268749920671
2103,39045,Fairfield County,OH,0.02338299737072743
2104,39047,Fayette County,OH,4.176931792982147e-05
2105,39049,Franklin County,OH,0.27830793334282866
2106,39051,Fulton County,OH,0.0022409525720784
2107,39053,Gallia County,OH,0.000213563412316202
2108,39055,Geauga County,OH,0.0025157307161841396
2109,39057,Greene County,OH,0.00882315112540193
2110,39059,Guernsey County,OH,9.908584136723782e-05
2111,39061,Hamilton County,OH,0.08947917079028278
2112,39063,Hancock County,OH,0.002741909772038897
2113,39065,Hardin County,OH,0.008178191489361702
2114,39067,Harrison County,OH,0.0004813745093682885
2115,39069,Henry County,OH,0.0007645791339403629
2116,39071,Highland County,OH,0.0017690348146051514
2117,39073,Hocking County,OH,0.0018198362147406734
2118,39075,Holmes County,OH,0.004445130951155047
2119,39077,Huron County,OH,0.0074044364915311755
2120,39079,Jackson County,OH,0.0004286261002678913
2121,39081,Jefferson County,OH,0.0017489810981675812
2122,39083,Knox County,OH,0.00023028559759112575
2123,39085,Lake County,OH,0.009905319274170493
2124,39087,Lawrence County,OH,0.00046929244269543484
2125,39089,Licking County,OH,0.012436503765983535
2126,39091,Logan County,OH,0.00022915570646122265
2127,39093,Lorain County,OH,0.0026146964617553953
2128,39095,Lucas County,OH,0.06599450045829514
2129,39097,Madison County,OH,0.0009445389469265315
2130,39099,Mahoning County,OH,0.029619160278370946
2131,39101,Marion County,OH,0.015271549853682419
2132,39103,Medina County,OH,0.025407080804994108
2133,39105,Meigs County,OH,0.0003157485669872729
2134,39107,Mercer County,OH,0.002794732070251526
2135,39109,Miami County,OH,0.037058737366339536
2136,39111,Monroe County,OH,0.00016739171730736316
2137,39113,Montgomery County,OH,0.16818307140887787
2138,39115,Morgan County,OH,0.0003113677536231884
2139,39117,Morrow County,OH,0.0013918691642985559
2140,39119,Muskingum County,OH,0.006932889628397116
2141,39121,Noble County,OH,0.0003454657618753856
2142,39123,Ottawa County,OH,0.009265209940017139
2143,39125,Paulding County,OH,0.0008302429844467814
2144,39127,Perry County,OH,0.0007526900114614161
2145,39129,Pickaway County,OH,0.08000864179749388
2146,39131,Pike County,OH,0.00017234375192347939
2147,39133,Portage County,OH,0.012034636270241181
2148,39135,Preble County,OH,0.0026579250465136885
2149,39137,Putnam County,OH,0.0011307922148670287
2150,39139,Richland County,OH,0.004839172514543605
2151,39141,Ross County,OH,0.002460781298062135
2152,39143,Sandusky County,OH,0.0021244390153225164
2153,39145,Scioto County,OH,0.0012142520569792309
2154,39147,Seneca County,OH,0.000843795019551348
2155,39149,Shelby County,OH,0.00019967296805772168
2156,39151,Stark County,OH,0.002243938685392033
2157,39153,Summit County,OH,0.011754068716094032
2158,39155,Trumbull County,OH,0.011360300912085404
2159,39157,Tuscarawas County,OH,0.010239370719468366
2160,39159,Union County,OH,0.003289124668435013
2161,39161,Van Wert County,OH,0.003591899121131066
2162,39163,Vinton County,OH,9.803837989445956e-05
2163,39165,Warren County,OH,0.01630752282552453
2164,39167,Washington County,OH,0.0012617751274738571
2165,39169,Wayne County,OH,0.01013844979832116
2166,39171,Williams County,OH,0.0005809642477659631
2167,39173,Wood County,OH,0.022414109865882784
2168,39175,Wyandot County,OH,0.00283860502838605
2170,40001,Adair County,OK,0.023851280252542968
2171,40003,Alfalfa County,OK,7.268498328245384e-05
2172,40005,Atoka County,OK,0.006401807569196009
2173,40007,Beaver County,OK,0.0014639279015508486
2174,40009,Beckham County,OK,0.0014847809948032665
2175,40011,Blaine County,OK,0.00045838108136264194
2176,40013,Bryan County,OK,0.0062582574229886655
2177,40015,Caddo County,OK,0.0013890199991908622
2178,40017,Canadian County,OK,0.009956143085780798
2179,40019,Carter County,OK,0.0034938446677764763
2180,40021,Cherokee County,OK,0.008042529989094875
2181,40023,Choctaw County,OK,0.05708937763219467
2182,40025,Cimarron County,OK,3.5209531924482594e-06
2183,40027,Cleveland County,OK,0.23239308462238398
2184,40029,Coal County,OK,8.281642083992414e-05
2185,40031,Comanche County,OK,0.08630427109071656
2186,40033,Cotton County,OK,0.0007778249186819403
2187,40035,Craig County,OK,0.00037750622186180475
2188,40037,Creek County,OK,0.007240630279626245
2189,40039,Custer County,OK,0.0017670720081843336
2190,40041,Delaware County,OK,0.0488652627274586
2191,40043,Dewey County,OK,0.0010365379632029023
2192,40045,Ellis County,OK,3.275681341719078e-05
2193,40047,Garfield County,OK,0.0037530222655263253
2194,40049,Garvin County,OK,0.0021850485367338897
2195,40051,Grady County,OK,0.0544657281329333
2196,40053,Grant County,OK,0.00035014005602240897
2197,40055,Greer County,OK,0.025631360723709008
2198,40057,Harmon County,OK,0.0008134490238611713
2199,40059,Harper County,OK,7.919537499010058e-05
2200,40061,Haskell County,OK,0.0012049100082837563
2201,40063,Hughes County,OK,0.0005707297187117815
2202,40065,Jackson County,OK,0.009496834388537155
2203,40067,Jefferson County,OK,0.0014433919711321606
2204,40069,Johnston County,OK,0.00036749506178510727
2205,40071,Kay County,OK,0.007865524896923565
2206,40073,Kingfisher County,OK,0.005052824988516307
2207,40075,Kiowa County,OK,0.0015884046460835897
2208,40077,Latimer County,OK,0.00040117946763484647
2209,40079,Le Flore County,OK,0.0016056426871577257
2210,40081,Lincoln County,OK,0.0008956280852304681
2211,40083,Logan County,OK,0.00877791865795377
2212,40085,Love County,OK,0.0011365320946780649
2213,40087,McClain County,OK,0.007157651072124756
2214,40089,McCurtain County,OK,0.030924678505817513
2215,40091,McIntosh County,OK,0.011141696159391794
2216,40093,Major County,OK,0.0008268855944716792
2217,40095,Marshall County,OK,0.001046228710462287
2218,40097,Mayes County,OK,0.008313792368364954
2219,40099,Murray County,OK,0.0003676632792623204
2220,40101,Muskogee County,OK,0.017338963255772166
2221,40103,Noble County,OK,0.005160778086542279
2222,40105,Nowata County,OK,0.003168514967064121
2223,40107,Okfuskee County,OK,2.382642325258266e-05
2224,40109,Oklahoma County,OK,0.11992720655141037
2225,40111,Okmulgee County,OK,0.003108830355812022
2226,40113,Osage County,OK,0.006875060237093199
2227,40115,Ottawa County,OK,0.008610161211529067
2228,40117,Pawnee County,OK,0.0008314584759855228
2229,40119,Payne County,OK,0.010949741146286709
2230,40121,Pittsburg County,OK,0.001854560651969491
2231,40123,Pontotoc County,OK,0.0009642935860700903
2232,40125,Pottawatomie County,OK,0.014239365537130497
2233,40127,Pushmataha County,OK,0.006977393245883338
2234,40129,Roger Mills County,OK,1.0815604754539851e-05
2235,40131,Rogers County,OK,0.013356418501113035
2236,40133,Seminole County,OK,0.0015396088431282927
2237,40135,Sequoyah County,OK,0.0014370813341677677
2238,40137,Stephens County,OK,0.004053445428614322
2239,40139,Texas County,OK,0.1386206896551724
2240,40141,Tillman County,OK,3.8369922891802955e-05
2241,40143,Tulsa County,OK,0.0615704461858308
2242,40145,Wagoner County,OK,0.007103072175752518
2243,40147,Washington County,OK,0.041040674239648224
2244,40149,Washita County,OK,0.0009098146252701012
2245,40151,Woods County,OK,0.000445302063232893
2246,40153,Woodward County,OK,0.0009302902505581741
2248,41001,Baker County,OR,0.00011821220164852288
2249,41003,Benton County,OR,0.00026782276828308865
2250,41005,Clackamas County,OR,0.023742044550517104
2251,41007,Clatsop County,OR,0.0010505405508652633
2252,41009,Columbia County,OR,0.0007443360677345821
2253,41011,Coos County,OR,0.002171775118832978
2254,41013,Crook County,OR,0.0007851690294438386
2255,41015,Curry County,OR,4.552536268538939e-05
2256,41017,Deschutes County,OR,0.002270679401693999
2257,41019,Douglas County,OR,0.03138075313807531
2258,41021,Gilliam County,OR,0.00013890818169190166
2259,41023,Grant County,OR,0.00013526308670363857
2260,41025,Harney County,OR,8.553588230262595e-05
2261,41027,Hood River County,OR,0.0004707075095951915
2262,41029,Jackson County,OR,0.007218752534674345
2263,41031,Jefferson County,OR,0.0018631339513299119
2264,41033,Josephine County,OR,0.000835311703156599
2265,41035,Klamath County,OR,0.01715592832634388
2266,41037,Lake County,OR,6.281620762850495e-05
2267,41039,Lane County,OR,0.005884472198871142
2268,41041,Lincoln County,OR,0.0027745878580952453
2269,41043,Linn County,OR,0.005691668574793104
2270,41045,Malheur County,OR,0.0008682701872818543
2271,41047,Marion County,OR,0.1578040162027062
2272,41049,Morrow County,OR,0.00016977197655178354
2273,41051,Multnomah County,OR,0.03280478596735784
2274,41053,Polk County,OR,0.09719101123595505
2275,41055,Sherman County,OR,0.00014795088030773783
2276,41057,Tillamook County,OR,0.00020525978191148172
2277,41059,Umatilla County,OR,0.03678032420346562
2278,41061,Union County,OR,0.05119311875693674
2279,41063,Wallowa County,OR,0.0005246982984783749
2280,41065,Wasco County,OR,0.00019282171305469488
2281,41067,Washington County,OR,1.3626126126126126
2282,41069,Wheeler County,OR,0.0
2283,41071,Yamhill County,OR,0.0018833305827646127
2285,42001,Adams County,PA,0.0003166001258177123
2286,42003,Allegheny County,PA,0.07356144280528308
2287,42005,Armstrong County,PA,0.0005124169610014091
2288,42007,Beaver County,PA,0.017185933845639826
2289,42009,Bedford County,PA,0.00021844222203227246
2290,42011,Berks County,PA,0.03841449901090873
2291,42013,Blair County,PA,0.0016908973360078244
2292,42015,Bradford County,PA,9.390866983940025e-05
2293,42017,Bucks County,PA,0.03228055979941763
2294,42019,Butler County,PA,0.0031491950350251937
2295,42021,Cambria County,PA,0.029682932313919497
2296,42023,Cameron County,PA,6.232276962388208e-05
2297,42025,Carbon County,PA,0.0018289866674877605
2298,42027,Centre County,PA,0.00045905723738973576
2299,42029,Chester County,PA,0.10385555960247672
2300,42031,Clarion County,PA,0.000757050028389376
2301,42033,Clearfield County,PA,0.0022002484986539655
2302,42035,Clinton County,PA,0.001462348377562958
2303,42037,Columbia County,PA,0.004951021517446738
2304,42039,Crawford County,PA,0.0003039033824051782
2305,42041,Cumberland County,PA,0.0033596958666757696
2306,42043,Dauphin County,PA,0.004021194642406576
2307,42045,Delaware County,PA,0.25118689401537947
2308,42047,Elk County,PA,0.00010751571953968442
2309,42049,Erie County,PA,0.005469003821340719
2310,42051,Fayette County,PA,0.026769697805988684
2311,42053,Forest County,PA,4.51534248872777e-05
2312,42055,Franklin County,PA,0.0686166551961459
2313,42057,Fulton County,PA,0.0005243838489774515
2314,42059,Greene County,PA,0.0014841396420343788
2315,42061,Huntingdon County,PA,0.003056867246321649
2316,42063,Indiana County,PA,0.0032469775474956823
2317,42065,Jefferson County,PA,0.0014941646811775632
2318,42067,Juniata County,PA,0.0005532397912950581
2319,42069,Lackawanna County,PA,0.0032177437679119848
2320,42071,Lancaster County,PA,0.056319580877537655
2321,42073,Lawrence County,PA,0.0012059833701240541
2322,42075,Lebanon County,PA,0.003869294212575612
2323,42077,Lehigh County,PA,0.013937501772116806
2324,42079,Luzerne County,PA,0.02649626210293118
2325,42081,Lycoming County,PA,0.005907692307692307
2326,42083,McKean County,PA,0.00018277525954086854
2327,42085,Mercer County,PA,0.003597901946334908
2328,42087,Mifflin County,PA,0.00042285533062001165
2329,42089,Monroe County,PA,0.0017691340269461978
2330,42091,Montgomery County,PA,0.48425671969281403
2331,42093,Montour County,PA,0.00025222333229605123
2332,42095,Northampton County,PA,0.03903437799280077
2333,42097,Northumberland County,PA,0.007412690179806362
2334,42099,Perry County,PA,5.744717385156155e-05
2335,42101,Philadelphia County,PA,0.4092350696124281
2336,42103,Pike County,PA,0.030497398039452984
2337,42105,Potter County,PA,0.0001273353659830644
2338,42107,Schuylkill County,PA,0.019146933518279997
2339,42109,Snyder County,PA,0.0009802987188040355
2340,42111,Somerset County,PA,0.01252884932410155
2341,42113,Sullivan County,PA,0.0002479666732791113
2342,42115,Susquehanna County,PA,0.004754748589588825
2343,42117,Tioga County,PA,0.0006455490505976894
2344,42119,Union County,PA,0.0019341596273782268
2345,42121,Venango County,PA,0.0008930621826439744
2346,42123,Warren County,PA,4.350663476180117e-05
2347,42125,Washington County,PA,0.008372111134907809
2348,42127,Wayne County,PA,0.00040412841538668785
2349,42129,Westmoreland County,PA,0.03638874374860043
2350,42131,Wyoming County,PA,9.7982888624632e-05
2351,42133,York County,PA,0.03774830338909631
2353,44001,Bristol County,RI,0.0015582012514303801
2354,44003,Kent County,RI,0.015033746741063815
2355,44005,Newport County,RI,0.000518052810084344
2356,44007,Providence County,RI,0.10466884859488601
2357,44009,Washington County,RI,0.02193501039670567
2359,45001,Abbeville County,SC,0.0008778500866145418
2360,45003,Aiken County,SC,0.07297421731123388
2361,45005,Allendale County,SC,0.0004097591800866912
2362,45007,Anderson County,SC,0.07073794966586094
2363,45009,Bamberg County,SC,0.008195150004792486
2364,45011,Barnwell County,SC,0.0006714483505272692
2365,45013,Beaufort County,SC,0.008398162408350774
2366,45015,Berkeley County,SC,0.14471243042671614
2367,45017,Calhoun County,SC,0.0003573112691599053
2368,45019,Charleston County,SC,0.1268586387434555
2369,45021,Cherokee County,SC,0.00744324525493115
2370,45023,Chester County,SC,0.005936473165388828
2371,45025,Chesterfield County,SC,0.012979700696399466
2372,45027,Clarendon County,SC,0.01276640921517106
2373,45029,Colleton County,SC,0.00686000780569816
2374,45031,Darlington County,SC,0.017979592506315825
2375,45033,Dillon County,SC,0.0023094546370286653
2376,45035,Dorchester County,SC,0.0528980190755686
2377,45037,Edgefield County,SC,0.005369848301785474
2378,45039,Fairfield County,SC,0.0025959376107250547
2379,45041,Florence County,SC,0.025047862156987875
2380,45043,Georgetown County,SC,0.0014669310198608709
2381,45045,Greenville County,SC,0.0977390518422279
2382,45047,Greenwood County,SC,0.0398501716782853
2383,45049,Hampton County,SC,0.0002852454664328219
2384,45051,Horry County,SC,0.1856482559106175
2385,45053,Jasper County,SC,0.003876726119817884
2386,45055,Kershaw County,SC,0.008539770640329755
2387,45057,Lancaster County,SC,0.009186137821700028
2388,45059,Laurens County,SC,0.04349893035417162
2389,45061,Lee County,SC,0.0011280334728033473
2390,45063,Lexington County,SC,0.2970516749445208
2391,45065,McCormick County,SC,0.0014026160420132433
2392,45067,Marion County,SC,0.011639482349337621
2393,45069,Marlboro County,SC,0.00855879292403746
2394,45071,Newberry County,SC,0.004940537550599653
2395,45073,Oconee County,SC,0.004966637655932695
2396,45075,Orangeburg County,SC,0.008976703130418335
2397,45077,Pickens County,SC,0.002758809791249257
2398,45079,Richland County,SC,0.22698187857177746
2399,45081,Saluda County,SC,0.0008505714777115875
2400,45083,Spartanburg County,SC,0.02213247626990002
2401,45085,Sumter County,SC,0.050190364621467275
2402,45087,Union County,SC,0.0050381981032665965
2403,45089,Williamsburg County,SC,0.0017118717057146618
2404,45091,York County,SC,0.6670301708469647
2406,46003,Aurora County,SD,0.0018425188316262939
2407,46005,Beadle County,SD,0.1637444279346211
2408,46007,Bennett County,SD,0.0005796261411389654
2409,46009,Bon Homme County,SD,0.0003706132223394247
2410,46011,Brookings County,SD,0.002420247689178403
2411,46013,Brown County,SD,0.06720785350198226
2412,46015,Brule County,SD,0.016819571865443424
2413,46017,Buffalo County,SD,0.00815034998561703
2414,46019,Butte County,SD,0.002180232558139535
2415,46021,Campbell County,SD,0.00010761945759793371
2416,46023,Charles Mix County,SD,0.02569593147751606
2417,46025,Clark County,SD,0.0010660980810234541
2418,46027,Clay County,SD,0.0033203613124352886
2419,46029,Codington County,SD,0.022515907978463045
2420,46031,Corson County,SD,0.002229157378510923
2421,46033,Custer County,SD,0.0005056890012642225
2422,46035,Davison County,SD,0.00995575221238938
2423,46037,Day County,SD,0.004366812227074236
2424,46039,Deuel County,SD,0.0008486082824168364
2425,46041,Dewey County,SD,0.011297500855871277
2426,46043,Douglas County,SD,0.0026116479498563593
2427,46045,Edmunds County,SD,0.0011917175629375838
2428,46047,Fall River County,SD,0.005654632448890822
2429,46049,Faulk County,SD,0.003403289846851957
2430,46051,Grant County,SD,0.0038231780167264037
2431,46053,Gregory County,SD,0.0026329647182727752
2432,46055,Haakon County,SD,0.00016223231667748214
2433,46057,Hamlin County,SD,0.00407395800689439
2434,46059,Hand County,SD,0.002027222704894295
2435,46061,Hanson County,SD,0.010015408320493066
2436,46063,Harding County,SD,0.0
2437,46065,Hughes County,SD,0.00946372239747634
2438,46067,Hutchinson County,SD,0.011529592621060722
2439,46069,Hyde County,SD,0.0008971291866028708
2440,46071,Jackson County,SD,0.0029806259314456036
2441,46073,Jerauld County,SD,0.04318936877076412
2442,46075,Jones County,SD,0.00020247013565499088
2443,46077,Kingsbury County,SD,0.00046885988903649293
2444,46079,Lake County,SD,0.0011221173193004179
2445,46081,Lawrence County,SD,0.00032718230598089256
2446,46083,Lincoln County,SD,0.10314731552499339
2447,46085,Lyman County,SD,0.014679556032939491
2448,46087,McCook County,SD,0.006725514922236234
2449,46089,McPherson County,SD,0.0010131712259371835
2450,46091,Marshall County,SD,0.00017647889312438233
2451,46093,Meade County,SD,0.025715672003881612
2452,46095,Mellette County,SD,0.004061371841155234
2453,46097,Miner County,SD,5.177752234200089e-05
2454,46099,Minnehaha County,SD,0.5704075425790754
2455,46101,Moody County,SD,0.001622346053466883
2456,46102,Oglala Lakota County,SD,0.000958031201933641
2457,46103,Pennington County,SD,0.2198952879581152
2458,46105,Perkins County,SD,0.00046446818392940084
2459,46107,Potter County,SD,0.0
2460,46109,Roberts County,SD,0.023890784982935155
2461,46111,Sanborn County,SD,0.0018820577164366374
2462,46115,Spink County,SD,0.003873466752743706
2463,46117,Stanley County,SD,0.010064701653486701
2464,46119,Sully County,SD,9.826078412105728e-05
2465,46121,Todd County,SD,0.011762543650064326
2466,46123,Tripp County,SD,0.0022662213740458014
2467,46125,Turner County,SD,0.0018202360030128044
2468,46127,Union County,SD,0.027598896044158234
2469,46129,Walworth County,SD,0.0007013237485754361
2470,46135,Yankton County,SD,0.030478955007256895
2471,46137,Ziebach County,SD,3.897217386785835e-05
2473,47001,Anderson County,TN,0.003922515237463038
2474,47003,Bedford County,TN,0.0385519801980198
2475,47005,Benton County,TN,0.0009957514604354754
2476,47007,Bledsoe County,TN,0.004726196201009858
2477,47009,Blount County,TN,0.0031356951253353068
2478,47011,Bradley County,TN,0.024070076803373325
2479,47013,Campbell County,TN,0.004700912930917019
2480,47015,Cannon County,TN,0.0017646846976626931
2481,47017,Carroll County,TN,0.0009221329644801475
2482,47019,Carter County,TN,0.002532766124867829
2483,47021,Cheatham County,TN,0.015551829797074637
2484,47023,Chester County,TN,0.0019712756969867645
2485,47025,Claiborne County,TN,0.008929743926460933
2486,47027,Clay County,TN,0.0005554938340184424
2487,47029,Cocke County,TN,0.0024062278839348905
2488,47031,Coffee County,TN,0.009908643710470837
2489,47033,Crockett County,TN,0.0008592200925313946
2490,47035,Cumberland County,TN,0.00030685275677669186
2491,47037,Davidson County,TN,1.128526108205436
2492,47039,Decatur County,TN,0.0013177159590043923
2493,47041,DeKalb County,TN,0.0015755913101505154
2494,47043,Dickson County,TN,0.006943136252321107
2495,47045,Dyer County,TN,0.007074611625701991
2496,47047,Fayette County,TN,0.019867192139502242
2497,47049,Fentress County,TN,0.0006159969673995451
2498,47051,Franklin County,TN,0.0023609386766531657
2499,47053,Gibson County,TN,0.006007330980179202
2500,47055,Giles County,TN,0.004416809605488851
2501,47057,Grainger County,TN,0.0008107834194790716
2502,47059,Greene County,TN,0.01124599687197438
2503,47061,Grundy County,TN,0.0010010164166692334
2504,47063,Hamblen County,TN,0.001283292188230688
2505,47065,Hamilton County,TN,0.49924471299093653
2506,47067,Hancock County,TN,0.00043912175648702596
2507,47069,Hardeman County,TN,0.016022142523000157
2508,47071,Hardin County,TN,0.002201246786179692
2509,47073,Hawkins County,TN,0.004969949144706426
2510,47075,Haywood County,TN,0.0041967492975779775
2511,47077,Henderson County,TN,0.00219508424795177
2512,47079,Henry County,TN,0.0020255778854555563
2513,47081,Hickman County,TN,0.012559443970247532
2514,47083,Houston County,TN,0.0010763104079216446
2515,47085,Humphreys County,TN,0.003309010690649924
2516,47087,Jackson County,TN,0.0008624644462794751
2517,47089,Jefferson County,TN,0.010231616820328311
2518,47091,Johnson County,TN,9.780720498901795e-05
2519,47093,Knox County,TN,0.22676738882554162
2520,47095,Lake County,TN,0.02715249873210315
2521,47097,Lauderdale County,TN,0.004077749082506457
2522,47099,Lawrence County,TN,0.018910987936093904
2523,47101,Lewis County,TN,0.0003200838037595298
2524,47103,Lincoln County,TN,0.001590589627876008
2525,47105,Loudon County,TN,0.0060973342751979775
2526,47107,McMinn County,TN,0.010741807425858178
2527,47109,McNairy County,TN,0.0041053572880253636
2528,47111,Macon County,TN,0.006092831482691052
2529,47113,Madison County,TN,0.012176981353997302
2530,47115,Marion County,TN,0.0027345454545454543
2531,47117,Marshall County,TN,0.0011931069542573168
2532,47119,Maury County,TN,0.03654805989373692
2533,47121,Meigs County,TN,0.0008164142227951445
2534,47123,Monroe County,TN,0.0007416516342652625
2535,47125,Montgomery County,TN,0.11282367447595561
2536,47127,Moore County,TN,0.0009811708638975845
2537,47129,Morgan County,TN,0.001030962120456284
2538,47131,Obion County,TN,0.005350478845375657
2539,47133,Overton County,TN,0.008915304606240713
2540,47135,Perry County,TN,0.007329635499207607
2541,47137,Pickett County,TN,0.0004158745247148289
2542,47139,Polk County,TN,0.0006854009595613434
2543,47141,Putnam County,TN,0.030482105707480327
2544,47143,Rhea County,TN,0.005900865460267506
2545,47145,Roane County,TN,0.0011279294835196969
2546,47147,Robertson County,TN,0.0027807454444227094
2547,47149,Rutherford County,TN,0.15973355084284938
2548,47151,Scott County,TN,0.0017303340875815254
2549,47153,Sequatchie County,TN,0.0004987277353689567
2550,47155,Sevier County,TN,0.0009731466997308908
2551,47157,Shelby County,TN,0.6659225083097683
2552,47159,Smith County,TN,0.01093693036820999
2553,47161,Stewart County,TN,0.00016419531664435295
2554,47163,Sullivan County,TN,0.0010978497827825787
2555,47165,Sumner County,TN,0.030795954479780514
2556,47167,Tipton County,TN,0.061680255228642324
2557,47169,Trousdale County,TN,0.08432589610244366
2558,47171,Unicoi County,TN,0.002904065691968756
2559,47173,Union County,TN,0.004087193460490463
2560,47175,Van Buren County,TN,0.0002180391016789011
2561,47177,Warren County,TN,0.0009507246376811594
2562,47179,Washington County,TN,0.01565405146044503
2563,47181,Wayne County,TN,0.0034505520883341334
2564,47183,Weakley County,TN,0.0025598829767782046
2565,47185,White County,TN,0.0003565256782376726
2566,47187,Williamson County,TN,0.011807240575983188
2567,47189,Wilson County,TN,0.019883952541785745
2569,48001,Anderson County,TX,0.09601710772520716
2570,48003,Andrews County,TX,0.00178746468315747
2571,48005,Angelina County,TX,0.03160357294768184
2572,48007,Aransas County,TX,0.0058459020226821
2573,48009,Archer County,TX,0.005299417064122946
2574,48011,Armstrong County,TX,5.864758665180928e-05
2575,48013,Atascosa County,TX,0.006892647842301545
2576,48015,Austin County,TX,0.018285714285714287
2577,48017,Bailey County,TX,0.004845967462789893
2578,48019,Bandera County,TX,0.0004959255210035729
2579,48021,Bastrop County,TX,0.20718153320034197
2580,48023,Baylor County,TX,3.070781513895286e-05
2581,48025,Bee County,TX,0.0003719787062856135
2582,48027,Bell County,TX,0.0010396525374409674
2583,48029,Bexar County,TX,1.4632470036040566
2584,48031,Blanco County,TX,0.07492354740061162
2585,48033,Borden County,TX,0.0
2586,48035,Bosque County,TX,0.0004397018606895812
2587,48037,Bowie County,TX,0.001325267725455828
2588,48039,Brazoria County,TX,0.014650256750330482
2589,48041,Brazos County,TX,0.3152232967510594
2590,48043,Brewster County,TX,0.09702457956015524
2591,48045,Briscoe County,TX,0.0012688566192020302
2592,48047,Brooks County,TX,0.000977181491654342
2593,48049,Brown County,TX,0.009271810442986498
2594,48051,Burleson County,TX,0.0030734087841345656
2595,48053,Burnet County,TX,0.0052674972517405645
2596,48055,Caldwell County,TX,0.030295913574448097
2597,48057,Calhoun County,TX,0.010973248224915728
2598,48059,Callahan County,TX,6.380520036014491e-05
2599,48061,Cameron County,TX,0.26699251565602566
2600,48063,Camp County,TX,0.022105973675329058
2601,48065,Carson County,TX,0.00033304469459801507
2602,48067,Cass County,TX,0.006905710491367862
2603,48069,Castro County,TX,0.002737413600383238
2604,48071,Chambers County,TX,0.01054211146145956
2605,48073,Cherokee County,TX,0.048863947440459896
2606,48075,Childress County,TX,0.000668513036004202
2607,48077,Clay County,TX,0.005608131791097091
2608,48079,Cochran County,TX,0.001771479185119575
2609,48081,Coke County,TX,0.0006116207951070336
2610,48083,Coleman County,TX,4.832178442685531e-06
2611,48085,Collin County,TX,1.4753424657534246
2612,48087,Collingsworth County,TX,0.0002791606569580794
2613,48089,Colorado County,TX,0.0010306704479255357
2614,48091,Comal County,TX,0.06982031536486982
2615,48093,Comanche County,TX,0.009537784299339692
2616,48095,Concho County,TX,0.0003150980439682963
2617,48097,Cooke County,TX,0.001145475372279496
2618,48099,Coryell County,TX,0.28469241773962806
2619,48101,Cottle County,TX,0.0008338544923910778
2620,48103,Crane County,TX,0.018475750577367205
2621,48105,Crockett County,TX,0.006100749520655395
2622,48107,Crosby County,TX,0.016121602947950252
2623,48109,Culberson County,TX,0.0008233841086867024
2624,48111,Dallam County,TX,4.401415130851036e-05
2625,48113,Dallas County,TX,2.4768227529855436
2626,48115,Dawson County,TX,0.004475358567885258
2627,48117,Deaf Smith County,TX,0.07672106546614144
2628,48119,Delta County,TX,7.889928731400902e-06
2629,48121,Denton County,TX,0.18898809523809523
2630,48123,DeWitt County,TX,0.07191316146540028
2631,48125,Dickens County,TX,0.00019755037534571315
2632,48127,Dimmit County,TX,0.009456985967053081
2633,48129,Donley County,TX,0.002868154521824863
2634,48131,Duval County,TX,0.004084967320261438
2635,48133,Eastland County,TX,0.00012032029261895165
2636,48135,Ector County,TX,0.6392339544513458
2637,48137,Edwards County,TX,2.1641976778158918e-05
2638,48139,Ellis County,TX,0.0017992512255164805
2639,48141,El Paso County,TX,0.21310131622090028
2640,48143,Erath County,TX,0.012487714632595247
2641,48145,Falls County,TX,0.0015768429351804922
2642,48147,Fannin County,TX,0.0054051921407717194
2643,48149,Fayette County,TX,0.039425587467362924
2644,48151,Fisher County,TX,0.0022759103641456584
2645,48153,Floyd County,TX,0.045021645021645025
2646,48155,Foard County,TX,1.2320004730881816e-06
2647,48157,Fort Bend County,TX,0.4304895104895105
2648,48159,Franklin County,TX,0.0027894710148602727
2649,48161,Freestone County,TX,0.0035949965527430315
2650,48163,Frio County,TX,0.015633724176437745
2651,48165,Gaines County,TX,0.00012567991371927783
2652,48167,Galveston County,TX,0.9038368919569755
2653,48169,Garza County,TX,0.0007781236104935527
2654,48171,Gillespie County,TX,0.046132008516678494
2655,48173,Glasscock County,TX,0.0007834943849569079
2656,48175,Goliad County,TX,0.0014397466045975907
2657,48177,Gonzales County,TX,0.014758292972676596
2658,48179,Gray County,TX,0.0009764191113851937
2659,48181,Grayson County,TX,0.005897777239904796
2660,48183,Gregg County,TX,0.026385041551246536
2661,48185,Grimes County,TX,0.0038478366407547035
2662,48187,Guadalupe County,TX,0.030353828653535295
2663,48189,Hale County,TX,0.2574224021592443
2664,48191,Hall County,TX,0.00023637867864318638
2665,48193,Hamilton County,TX,0.0059270235228746065
2666,48195,Hansford County,TX,0.00889905924230867
2667,48197,Hardeman County,TX,8.680254157841742e-05
2668,48199,Hardin County,TX,8.571443726032048e-05
2669,48201,Harris County,TX,0.631075984553664
2670,48203,Harrison County,TX,0.07191535150645624
2671,48205,Hartley County,TX,0.009720749381406858
2672,48207,Haskell County,TX,2.6065310980881094e-05
2673,48209,Hays County,TX,0.9167321288295365
2674,48211,Hemphill County,TX,0.00024172981858177115
2675,48213,Henderson County,TX,0.00029469084512960065
2676,48215,Hidalgo County,TX,0.2001146006712325
2677,48217,Hill County,TX,0.006211719734155771
2678,48219,Hockley County,TX,0.001752023749655273
2679,48221,Hood County,TX,0.004988674360910366
2680,48223,Hopkins County,TX,0.0034395680947405085
2681,48225,Houston County,TX,0.0048003491162993675
2682,48227,Howard County,TX,0.01371264838313549
2683,48229,Hudspeth County,TX,0.00017242428545347587
2684,48231,Hunt County,TX,0.03328875728340816
2685,48233,Hutchinson County,TX,0.047526041666666664
2686,48235,Irion County,TX,0.0003357582540570789
2687,48237,Jack County,TX,0.0008130081300813008
2688,48239,Jackson County,TX,0.002504995918826874
2689,48241,Jasper County,TX,0.030782761653474055
2690,48243,Jeff Davis County,TX,1.987557887623477e-05
2691,48245,Jefferson County,TX,0.6792307692307692
2692,48247,Jim Hogg County,TX,0.0007904747789140852
2693,48249,Jim Wells County,TX,0.001484498086078138
2694,48251,Johnson County,TX,0.039237165762087335
2695,48253,Jones County,TX,0.03589513492724825
2696,48255,Karnes County,TX,0.0005875699575480706
2697,48257,Kaufman County,TX,0.020471843309228143
2698,48259,Kendall County,TX,0.25
2699,48261,Kenedy County,TX,0.0013123359580052493
2700,48263,Kent County,TX,0.0
2701,48265,Kerr County,TX,0.0329721005303205
2702,48267,Kimble County,TX,0.03308823529411765
2703,48269,King County,TX,0.0
2704,48271,Kinney County,TX,9.778357235984354e-05
2705,48273,Kleberg County,TX,0.043395196506550215
2706,48275,Knox County,TX,0.0001203393569867025
2707,48277,Lamar County,TX,0.030404095245482043
2708,48279,Lamb County,TX,0.0035000933358222885
2709,48281,Lampasas County,TX,0.005186170212765957
2710,48283,La Salle County,TX,0.0037709635804306836
2711,48285,Lavaca County,TX,0.013805905214919659
2712,48287,Lee County,TX,0.005286141116984601
2713,48289,Leon County,TX,0.0010882009544429204
2714,48291,Liberty County,TX,0.021675129069420148
2715,48293,Limestone County,TX,0.031549644293226105
2716,48295,Lipscomb County,TX,0.0009011223068731056
2717,48297,Live Oak County,TX,0.0029823353980270705
2718,48299,Llano County,TX,0.20118343195266272
2719,48301,Loving County,TX,0.0
2720,48303,Lubbock County,TX,0.5921693832969249
2721,48305,Lynn County,TX,0.006638276553106212
2722,48307,McCulloch County,TX,8.962563760847624e-05
2723,48309,McLennan County,TX,3.2866756393001344
2724,48311,McMullen County,TX,0.0
2725,48313,Madison County,TX,0.010858534605236453
2726,48315,Marion County,TX,0.006411367180731243
2727,48317,Martin County,TX,0.00584932147870847
2728,48319,Mason County,TX,0.0009551619681794612
2729,48321,Matagorda County,TX,0.005926228670685603
2730,48323,Maverick County,TX,0.015043424317617866
2731,48325,Medina County,TX,0.16043030869971936
2732,48327,Menard County,TX,7.917119073470864e-05
2733,48329,Midland County,TX,0.04447488216573339
2734,48331,Milam County,TX,0.0305766468294685
2735,48333,Mills County,TX,0.0008191925102399064
2736,48335,Mitchell County,TX,0.0012614794631143405
2737,48337,Montague County,TX,4.2806034333732305e-05
2738,48339,Montgomery County,TX,0.1436007640878701
2739,48341,Moore County,TX,0.07394252502421698
2740,48343,Morris County,TX,0.04
2741,48345,Motley County,TX,3.0672964848782285e-05
2742,48347,Nacogdoches County,TX,0.011055015664598008
2743,48349,Navarro County,TX,0.031849944832659065
2744,48351,Newton County,TX,0.0008155498165012913
2745,48353,Nolan County,TX,0.00018493267898447117
2746,48355,Nueces County,TX,0.5766571777145181
2747,48357,Ochiltree County,TX,0.029356060606060608
2748,48359,Oldham County,TX,4.7963931123794903e-05
2749,48361,Orange County,TX,0.017061221693103566
2750,48363,Palo Pinto County,TX,0.0026299905147883075
2751,48365,Panola County,TX,0.0015957670180153697
2752,48367,Parker County,TX,0.05788651743883394
2753,48369,Parmer County,TX,0.014914997156038678
2754,48371,Pecos County,TX,0.002706755204175024
2755,48373,Polk County,TX,0.0027338926031597326
2756,48375,Potter County,TX,0.45465393794749404
2757,48377,Presidio County,TX,0.002077673006233019
2758,48379,Rains County,TX,0.00011618365731630274
2759,48381,Randall County,TX,0.27149909067290207
2760,48383,Reagan County,TX,0.008980301274623407
2761,48385,Real County,TX,0.000499043499958413
2762,48387,Red River County,TX,0.007448673009514272
2763,48389,Reeves County,TX,0.011082325849165228
2764,48391,Refugio County,TX,0.05035128805620609
2765,48393,Roberts County,TX,0.0003514115028698606
2766,48395,Robertson County,TX,0.0010579993327932136
2767,48397,Rockwall County,TX,0.04218628215120811
2768,48399,Runnels County,TX,0.00044112781678491345
2769,48401,Rusk County,TX,0.023809523809523808
2770,48403,Sabine County,TX,0.0037635061308728904
2771,48405,San Augustine County,TX,0.004366055649883918
2772,48407,San Jacinto County,TX,0.0009441031020530496
2773,48409,San Patricio County,TX,0.05119735755573906
2774,48411,San Saba County,TX,0.00322234156820623
2775,48413,Schleicher County,TX,0.001436867628569718
2776,48415,Scurry County,TX,0.09831546707503828
2777,48417,Shackelford County,TX,0.0003165308221888106
2778,48419,Shelby County,TX,0.09728656518861681
2779,48421,Sherman County,TX,0.00013748598287440227
2780,48423,Smith County,TX,0.1423093777388256
2781,48425,Somervell County,TX,0.00038679931304442004
2782,48427,Starr County,TX,0.09566517189835576
2783,48429,Stephens County,TX,0.011618900077459334
2784,48431,Sterling County,TX,0.0
2785,48433,Stonewall County,TX,0.0
2786,48435,Sutton County,TX,0.002838988779234825
2787,48437,Swisher County,TX,2.5207905769994508e-05
2788,48439,Tarrant County,TX,0.12557775620499298
2789,48441,Taylor County,TX,0.8427835051546392
2790,48443,Terrell County,TX,0.00016211396611818109
2791,48445,Terry County,TX,0.031978680879413725
2792,48447,Throckmorton County,TX,3.0534351145038166e-05
2793,48449,Titus County,TX,0.007172818791946309
2794,48451,Tom Green County,TX,0.000525921658081846
2795,48453,Travis County,TX,0.9763156098559825
2796,48455,Trinity County,TX,0.0027685492801771874
2797,48457,Tyler County,TX,0.0008622134936411755
2798,48459,Upshur County,TX,0.02461033634126333
2799,48461,Upton County,TX,0.0003739575932089301
2800,48463,Uvalde County,TX,0.004569097399286078
2801,48465,Val Verde County,TX,0.00888849620074218
2802,48467,Van Zandt County,TX,0.0019764562790495635
2803,48469,Victoria County,TX,0.021912814679804306
2804,48471,Walker County,TX,0.0402382072910256
2805,48473,Waller County,TX,0.019586597766294383
2806,48475,Ward County,TX,0.001281979822752355
2807,48477,Washington County,TX,0.0012615126585023785
2808,48479,Webb County,TX,0.061290788333814614
2809,48481,Wharton County,TX,0.06487341772151899
2810,48483,Wheeler County,TX,0.0001512516070483249
2811,48485,Wichita County,TX,0.04581408097736706
2812,48487,Wilbarger County,TX,0.0007959546774042514
2813,48489,Willacy County,TX,0.00045212013865017584
2814,48491,Williamson County,TX,0.07154885451341296
2815,48493,Wilson County,TX,0.02372034956304619
2816,48495,Winkler County,TX,0.0005715592135345222
2817,48497,Wise County,TX,0.0040404927644436634
2818,48499,Wood County,TX,0.014116836910363825
2819,48501,Yoakum County,TX,0.002332037756801777
2820,48503,Young County,TX,0.0037379222794273223
2821,48505,Zapata County,TX,0.005574324324324325
2822,48507,Zavala County,TX,0.007302533532041729
2824,49001,Beaver County,UT,0.00021410983834707205
2825,49003,Box Elder County,UT,0.0017538526296097094
2826,49005,Cache County,UT,0.07916727752528954
2827,49007,Carbon County,UT,0.022105263157894735
2828,49009,Daggett County,UT,0.0
2829,49011,Davis County,UT,0.08997893469756245
2830,49013,Duchesne County,UT,0.001997602876548142
2831,49015,Emery County,UT,0.0019798059790140567
2832,49017,Garfield County,UT,0.0018453967603034652
2833,49019,Grand County,UT,0.0004741151370375098
2834,49021,Iron County,UT,0.030789714571024383
2835,49023,Juab County,UT,0.004311437991377124
2836,49025,Kane County,UT,0.001289050652107977
2837,49027,Millard County,UT,0.006845925437149456
2838,49029,Morgan County,UT,0.02028397565922921
2839,49031,Piute County,UT,0.0016109544905356424
2840,49033,Rich County,UT,3.446977302516207e-06
2841,49035,Salt Lake County,UT,0.9365037888685654
2842,49037,San Juan County,UT,0.015029574323669156
2843,49039,Sanpete County,UT,0.003283996299722479
2844,49041,Sevier County,UT,0.0013999288171787875
2845,49043,Summit County,UT,0.00794364715813947
2846,49045,Tooele County,UT,0.009346840544019701
2847,49047,Uintah County,UT,6.601334412599118e-05
2848,49049,Utah County,UT,0.15461558769176614
2849,49051,Wasatch County,UT,0.002545675730473766
2850,49053,Washington County,UT,0.5857617115455551
2851,49055,Wayne County,UT,0.0
2852,49057,Weber County,UT,0.04152051553960356
2854,50001,Addison County,VT,0.0019171130532844658
2855,50003,Bennington County,VT,0.002467242356549862
2856,50005,Caledonia County,VT,0.00012822548145615298
2857,50007,Chittenden County,VT,0.10546811617718643
2858,50009,Essex County,VT,0.00010121047730861099
2859,50011,Franklin County,VT,0.01520387007601935
2860,50013,Grand Isle County,VT,0.0003942906710827222
2861,50015,Lamoille County,VT,0.0012806313166274402
2862,50017,Orange County,VT,0.0003698635203609868
2863,50019,Orleans County,VT,0.00024058703235895585
2864,50021,Rutland County,VT,0.0012840486911263676
2865,50023,Washington County,VT,0.0010184264127705935
2866,50025,Windham County,VT,0.0017979731938542007
2867,50027,Windsor County,VT,0.0019185542765193713
2869,51001,Accomack County,VA,0.009521631757065763
2870,51003,Albemarle County,VA,0.035868102288021536
2871,51005,Alleghany County,VA,0.0030429821224800305
2872,51007,Amelia County,VA,0.0015503875968992248
2873,51009,Amherst County,VA,0.00251398403620137
2874,51011,Appomattox County,VA,0.00019844453264201452
2875,51013,Arlington County,VA,0.03437094682230869
2876,51015,Augusta County,VA,0.04943332529539426
2877,51017,Bath County,VA,1.2658708558552856e-05
2878,51019,Bedford County,VA,0.024840764331210193
2879,51021,Bland County,VA,8.976929291720278e-05
2880,51023,Botetourt County,VA,0.009364795761197708
2881,51025,Brunswick County,VA,0.0060464673395543705
2882,51027,Buchanan County,VA,0.0022743177046885936
2883,51029,Buckingham County,VA,0.010494670675047828
2884,51031,Campbell County,VA,0.002050447518307567
2885,51033,Caroline County,VA,0.004598704306669799
2886,51035,Carroll County,VA,0.03518598305328163
2887,51036,Charles City County,VA,0.003451178451178451
2888,51037,Charlotte County,VA,0.00010204023786713227
2889,51041,Chesterfield County,VA,0.21677269307066147
2890,51043,Clarke County,VA,0.011693626973299552
2891,51045,Craig County,VA,0.00017108639863130882
2892,51047,Culpeper County,VA,0.08578332662102296
2893,51049,Cumberland County,VA,0.004120687246822182
2894,51051,Dickenson County,VA,0.00017516816143497757
2895,51053,Dinwiddie County,VA,0.0140600748653337
2896,51057,Essex County,VA,5.490042979193608e-05
2897,51059,Fairfax County,VA,0.20222684002134172
2898,51061,Fauquier County,VA,0.030224141215315258
2899,51063,Floyd County,VA,0.0007334066740007334
2900,51065,Fluvanna County,VA,0.0023196888048249526
2901,51067,Franklin County,VA,0.0011868373025203497
2902,51069,Frederick County,VA,0.03247607655502392
2903,51071,Giles County,VA,0.0004819535182606833
2904,51073,Gloucester County,VA,0.002820696333094767
2905,51075,Goochland County,VA,0.008295819935691319
2906,51077,Grayson County,VA,0.004591553559715425
2907,51079,Greene County,VA,0.007057163020465773
2908,51081,Greensville County,VA,0.011058358644687565
2909,51083,Halifax County,VA,0.0007423491639292541
2910,51085,Hanover County,VA,0.001417697948721049
2911,51087,Henrico County,VA,0.05581818541448266
2912,51089,Henry County,VA,0.1598173515981735
2913,51091,Highland County,VA,8.08429222021612e-05
2914,51093,Isle of Wight County,VA,0.002901088561608928
2915,51095,James City County,VA,0.04782918149466192
2916,51097,King and Queen County,VA,0.0009688478163660754
2917,51099,King George County,VA,0.006123163051084675
2918,51101,King William County,VA,0.005092898236348203
2919,51103,Lancaster County,VA,0.0005550100328736712
2920,51105,Lee County,VA,4.110867683260063e-05
2921,51107,Loudoun County,VA,0.11633103668431273
2922,51109,Louisa County,VA,0.011069203017382748
2923,51111,Lunenburg County,VA,0.003016363773471081
2924,51113,Madison County,VA,0.005320353180892008
2925,51115,Matthews County,VA,0.00022885539608330337
2926,51117,Mecklenburg County,VA,0.024286524286524287
2927,51119,Middlesex County,VA,0.0001725275282894403
2928,51121,Montgomery County,VA,0.012190221031480241
2929,51125,Nelson County,VA,0.0010826729028625872
2930,51127,New Kent County,VA,0.005807002561912895
2931,51131,Northampton County,VA,0.022653989251756924
2932,51133,Northumberland County,VA,0.0026260504201680674
2933,51135,Nottoway County,VA,0.003238778980324418
2934,51137,Orange County,VA,0.006652162998912225
2935,51139,Page County,VA,0.01692412539754657
2936,51141,Patrick County,VA,0.0007953076846605031
2937,51143,Pittsylvania County,VA,0.005362201537838932
2938,51145,Powhatan County,VA,0.003990877993158495
2939,51147,Prince Edward County,VA,0.006179438375094517
2940,51149,Prince George County,VA,0.0005485451858781507
2941,51153,Prince William County,VA,0.22831868810062597
2942,51155,Pulaski County,VA,0.006919945725915875
2943,51157,Rappahannock County,VA,0.0035464922974620416
2944,51159,Richmond County,VA,0.003280742360860425
2945,51161,Roanoke County,VA,0.013777521818101272
2946,51163,Rockbridge County,VA,0.0004148972519158491
2947,51165,Rockingham County,VA,0.029263522154517416
2948,51167,Russell County,VA,0.0009737549846981359
2949,51169,Scott County,VA,0.00025220102714600145
2950,51171,Shenandoah County,VA,0.020229869784746213
2951,51173,Smyth County,VA,0.002438886052974874
2952,51175,Southampton County,VA,0.0012700510222809528
2953,51177,Spotsylvania County,VA,0.007038107821718711
2954,51179,Stafford County,VA,0.16443475552787293
2955,51181,Surry County,VA,0.0016130477641365713
2956,51183,Sussex County,VA,0.005197684443897031
2957,51185,Tazewell County,VA,0.0006473458818842745
2958,51187,Warren County,VA,0.005731298846296986
2959,51191,Washington County,VA,0.004440743824590619
2960,51193,Westmoreland County,VA,0.00489527325254795
2961,51195,Wise County,VA,0.0013247803653604797
2962,51197,Wythe County,VA,0.0008347978910369069
2963,51199,York County,VA,0.0009345911634091879
2964,51510,Alexandria City,VA,0.14634291850614486
2965,51520,Bristol city,VA,0.0018524235875270144
2966,51530,Buena Vista city,VA,0.000380823424872001
2967,51540,Charlottesville City,VA,0.0011027835072599914
2968,51550,Chesapeake City,VA,0.06931491076568796
2969,51570,Colonial Heights city,VA,0.028169014084507043
2970,51580,Covington city,VA,0.00012486265108380782
2971,51590,Danville City,VA,0.021137298915076694
2972,51595,Emporia city,VA,0.006078521170739831
2973,51600,Fairfax city,VA,0.004925771362112609
2974,51610,Falls Church city,VA,0.006652441320446843
2975,51620,Franklin city,VA,0.0024108003857280617
2976,51630,Fredericksburg City,VA,0.04364266582637467
2977,51640,Galax city,VA,0.0021336703590811093
2978,51650,Hampton city,VA,0.008846385996680247
2979,51660,Harrisonburg City,VA,0.043410715078343466
2980,51670,Hopewell city,VA,0.0265914585012087
2981,51678,Lexington city,VA,0.0001947230065232207
2982,51680,Lynchburg city,VA,0.004551539491298527
2983,51683,Manassas City,VA,0.08479231033299005
2984,51685,Manassas Park city,VA,0.03640274016249801
2985,51690,Martinsville city,VA,0.0006249128190821593
2986,51700,Newport News City,VA,0.002854882962157352
2987,51710,Norfolk City,VA,0.3637277066063803
2988,51720,Norton city,VA,0.00012760798826006508
2989,51730,Petersburg city,VA,0.02697416673457746
2990,51735,Poquoson city,VA,0.00021186889552744762
2991,51740,Portsmouth City,VA,0.036275960326593235
2992,51750,Radford city,VA,6.943359544515614e-05
2993,51760,Richmond City,VA,0.02406624774315887
2994,51770,Roanoke city,VA,0.022014940120943835
2995,51775,Salem city,VA,0.003489491416653297
2996,51790,Staunton city,VA,0.0010313979241759674
2997,51800,Suffolk City,VA,0.0011889575842159768
2998,51810,Virginia Beach City,VA,0.07772867874502873
2999,51820,Waynesboro city,VA,0.008091480540323659
3000,51830,Williamsburg City,VA,0.002777975639290548
3001,51840,Winchester city,VA,0.017014462292949006
3003,53001,Adams County,WA,0.009830838721105305
3004,53003,Asotin County,WA,0.00010274475267870248
3005,53005,Benton County,WA,0.028989637305699482
3006,53007,Chelan County,WA,0.006646752272697883
3007,53009,Clallam County,WA,0.0001024084417326689
3008,53011,Clark County,WA,0.25922208281053954
3009,53013,Columbia County,WA,7.233730887126672e-05
3010,53015,Cowlitz County,WA,0.005549287342559119
3011,53017,Douglas County,WA,0.045627376425855515
3012,53019,Ferry County,WA,2.100354959988238e-05
3013,53021,Franklin County,WA,1.0251685393258427
3014,53023,Garfield County,WA,0.0
3015,53025,Grant County,WA,0.010125098253420551
3016,53027,Grays Harbor County,WA,0.0004463184599664087
3017,53029,Island County,WA,0.006300238974581794
3018,53031,Jefferson County,WA,1.819971928042749e-05
3019,53033,King County,WA,0.04261197246134975
3020,53035,Kitsap County,WA,0.005778658600187754
3021,53037,Kittitas County,WA,0.007357859531772575
3022,53039,Klickitat County,WA,0.0009416779213698936
3023,53041,Lewis County,WA,0.008136027059146175
3024,53043,Lincoln County,WA,5.990893841361131e-05
3025,53045,Mason County,WA,0.001301990862391402
3026,53047,Okanogan County,WA,0.00796582261581594
3027,53049,Pacific County,WA,0.0013115709705625181
3028,53051,Pend Oreille County,WA,8.839974364074345e-06
3029,53053,Pierce County,WA,0.17398475713798203
3030,53055,San Juan County,WA,0.00015479277117758601
3031,53057,Skagit County,WA,0.047421997848216504
3032,53059,Skamania County,WA,2.6761288093781284e-05
3033,53061,Snohomish County,WA,0.007381436042218983
3034,53063,Spokane County,WA,0.04162019115106183
3035,53065,Stevens County,WA,7.916402786573781e-05
3036,53067,Thurston County,WA,0.07174688057040998
3037,53069,Wahkiakum County,WA,6.583278472679394e-05
3038,53071,Walla Walla County,WA,0.0008898698783408288
3039,53073,Whatcom County,WA,0.013811272553089574
3040,53075,Whitman County,WA,0.0001753875466869691
3041,53077,Yakima County,WA,0.4825740526731951
3043,54001,Barbour County,WV,0.00015943476181285715
3044,54003,Berkeley County,WV,0.0244209348930419
3045,54005,Boone County,WV,0.0023644049580855485
3046,54007,Braxton County,WV,0.00018232371575732713
3047,54009,Brooke County,WV,0.00028277774756647997
3048,54011,Cabell County,WV,0.02728935152623435
3049,54013,Calhoun County,WV,0.0004701457451810061
3050,54015,Clay County,WV,0.0014204545454545455
3051,54017,Doddridge County,WV,0.0
3052,54019,Fayette County,WV,0.010098427713153522
3053,54021,Gilmer County,WV,0.001123789764868603
3054,54023,Grant County,WV,0.0005481507125959263
3055,54025,Greenbrier County,WV,0.0030636461704422868
3056,54027,Hampshire County,WV,0.0014578271433530025
3057,54029,Hancock County,WV,0.0027584204413472705
3058,54031,Hardy County,WV,0.000683953847983823
3059,54033,Harrison County,WV,0.0038843784994400895
3060,54035,Jackson County,WV,0.002589857557834319
3061,54037,Jefferson County,WV,0.001425972917742696
3062,54039,Kanawha County,WV,0.025146162067014522
3063,54041,Lewis County,WV,0.0009799598216473126
3064,54043,Lincoln County,WV,0.000281083106905275
3065,54045,Logan County,WV,0.0020426690876078077
3066,54047,McDowell County,WV,0.0001605079183906406
3067,54049,Marion County,WV,0.0033408666601159476
3068,54051,Marshall County,WV,0.002375923970432946
3069,54053,Mason County,WV,0.0004084550188910446
3070,54055,Mercer County,WV,0.0023075777877028434
3071,54057,Mineral County,WV,0.002774931693989071
3072,54059,Mingo County,WV,0.00028405862970117034
3073,54061,Monongalia County,WV,0.03706214689265537
3074,54063,Monroe County,WV,0.0008387385372399911
3075,54065,Morgan County,WV,0.0008164598301763554
3076,54067,Nicholas County,WV,0.0005071116370046606
3077,54069,Ohio County,WV,0.02008896541828096
3078,54071,Pendleton County,WV,0.0021447721179624667
3079,54073,Pleasants County,WV,0.0006062810719049351
3080,54075,Pocahontas County,WV,0.0011067240966738455
3081,54077,Preston County,WV,0.001682905225863596
3082,54079,Putnam County,WV,0.001117760117773749
3083,54081,Raleigh County,WV,0.0026136957658128594
3084,54083,Randolph County,WV,0.019572953736654804
3085,54085,Ritchie County,WV,0.0001461133839859731
3086,54087,Roane County,WV,0.000954426151276545
3087,54089,Summers County,WV,0.00011979634621144055
3088,54091,Taylor County,WV,0.0033630647755519814
3089,54093,Tucker County,WV,0.0006984053078803399
3090,54095,Tyler County,WV,0.00041363335539377897
3091,54097,Upshur County,WV,0.0005837267143799807
3092,54099,Wayne County,WV,0.015035740695094897
3093,54101,Webster County,WV,6.637902422834384e-05
3094,54103,Wetzel County,WV,0.005840920803985569
3095,54105,Wirt County,WV,7.184080078545942e-05
3096,54107,Wood County,WV,0.009022261449445915
3097,54109,Wyoming County,WV,0.00034619188921859544
3099,55001,Adams County,WI,0.00237758642847963
3100,55003,Ashland County,WI,0.00015471664751127222
3101,55005,Barron County,WI,0.002859803139132748
3102,55007,Bayfield County,WI,2.2680708545334956e-05
3103,55009,Brown County,WI,0.24533804005832247
3104,55011,Buffalo County,WI,0.0008433891267678734
3105,55013,Burnett County,WI,9.982231627702689e-05
3106,55015,Calumet County,WI,0.002335364533391073
3107,55017,Chippewa County,WI,0.0037959394950250187
3108,55019,Clark County,WI,0.0017207814781339081
3109,55021,Columbia County,WI,0.00719112268303267
3110,55023,Crawford County,WI,8.231280695817595e-05
3111,55025,Dane County,WI,0.03283279636607885
3112,55027,Dodge County,WI,0.018468989446291745
3113,55029,Door County,WI,0.0012282734646581691
3114,55031,Douglas County,WI,0.0012343502027861047
3115,55033,Dunn County,WI,0.0005160254572558913
3116,55035,Eau Claire County,WI,0.07729918509895227
3117,55037,Florence County,WI,3.868359718770248e-05
3118,55039,Fond du Lac County,WI,0.04153709462461128
3119,55041,Forest County,WI,0.0009331441124438655
3120,55043,Grant County,WI,0.005357142857142857
3121,55045,Green County,WI,0.00560461058531169
3122,55047,Green Lake County,WI,0.001773798462707999
3123,55049,Iowa County,WI,0.007912783541410234
3124,55051,Iron County,WI,0.00048442571331686285
3125,55053,Jackson County,WI,0.00040109002111620996
3126,55055,Jefferson County,WI,0.013189942668715105
3127,55057,Juneau County,WI,0.00029487912904500445
3128,55059,Kenosha County,WI,0.08402662229617304
3129,55061,Kewaunee County,WI,0.0006355070498915401
3130,55063,La Crosse County,WI,0.034923492349234926
3131,55065,Lafayette County,WI,0.004064828808171348
3132,55067,Langlade County,WI,0.0003624107563512485
3133,55069,Lincoln County,WI,0.00026588673225206064
3134,55071,Manitowoc County,WI,0.0010833357898770745
3135,55073,Marathon County,WI,0.006641883519206939
3136,55075,Marinette County,WI,0.005714652626171825
3137,55077,Marquette County,WI,0.010755048287971905
3138,55078,Menominee County,WI,9.51649843612209e-06
3139,55079,Milwaukee County,WI,0.295353814887683
3140,55081,Monroe County,WI,0.003427366200896388
3141,55083,Oconto County,WI,0.0021913190054782977
3142,55085,Oneida County,WI,0.00014902733054794157
3143,55087,Outagamie County,WI,0.007094742269196714
3144,55089,Ozaukee County,WI,0.04158089748867847
3145,55091,Pepin County,WI,0.0003274547410768583
3146,55093,Pierce County,WI,0.0022611515885160908
3147,55095,Polk County,WI,0.0009608319674447521
3148,55097,Portage County,WI,0.017526777020447908
3149,55099,Price County,WI,4.075166445079491e-05
3150,55101,Racine County,WI,0.13482494783213542
3151,55103,Richland County,WI,9.794679040611189e-05
3152,55105,Rock County,WI,0.07215404147270418
3153,55107,Rusk County,WI,0.00012129632692668188
3154,55109,St. Croix County,WI,0.004081189286490177
3155,55111,Sauk County,WI,0.008877883802391594
3156,55113,Sawyer County,WI,0.00036675713342624515
3157,55115,Shawano County,WI,0.0008149817929599446
3158,55117,Sheboygan County,WI,0.013911419161382294
3159,55119,Taylor County,WI,0.0005733751559917704
3160,55121,Trempealeau County,WI,0.005775095710855882
3161,55123,Vernon County,WI,0.0018022077044379365
3162,55125,Vilas County,WI,0.00015404166827126737
3163,55127,Walworth County,WI,0.04783715012722646
3164,55129,Washburn County,WI,4.41066204037226e-05
3165,55131,Washington County,WI,0.0011924848712759589
3166,55133,Waukesha County,WI,0.03196705236320847
3167,55135,Waupaca County,WI,0.006914044920836231
3168,55137,Waushara County,WI,0.0002501352475466386
3169,55139,Winnebago County,WI,0.010411101521938656
3170,55141,Wood County,WI,0.00264917695473251
3172,56001,Albany County,WY,0.004156064461407973
3173,56003,Big Horn County,WY,0.0006473748948015796
3174,56005,Campbell County,WY,0.0057432432432432436
3175,56007,Carbon County,WY,0.0020981044711329763
3176,56009,Converse County,WY,0.003691983122362869
3177,56011,Crook County,WY,0.00017829398130460254
3178,56013,Fremont County,WY,0.02906668685186587
3179,56015,Goshen County,WY,0.0020394289598912306
3180,56017,Hot Springs County,WY,0.0014209591474245115
3181,56019,Johnson County,WY,0.00021105527638190955
3182,56021,Laramie County,WY,0.016288451840645486
3183,56023,Lincoln County,WY,0.000513411305066493
3184,56025,Natrona County,WY,0.06748726655348047
3185,56027,Niobrara County,WY,6.850722751250257e-05
3186,56029,Park County,WY,0.010008340283569641
3187,56031,Platte County,WY,0.00013121207151057897
3188,56033,Sheridan County,WY,0.0029498525073746312
3189,56035,Sublette County,WY,0.00016531658125309968
3190,56037,Sweetwater County,WY,0.005796113194681214
3191,56039,Teton County,WY,0.007663403539998022
3192,56041,Uinta County,WY,0.025752722613709162
3193,56043,Washakie County,WY,0.006207593474808719
3194,56045,Weston County,WY,1.0
